{
    "w": 1080,
    "h": 1920,
    "fl_x": 1086.9910458727556,
    "fl_y": 1088.941227955453,
    "cx": 540.0,
    "cy": 960.0,
    "k1": -0.02701719730945672,
    "k2": 0.022703959051053886,
    "p1": 0.0002844542784239139,
    "p2": 0.001200059945267594,
    "camera_model": "OPENCV",
    "frames": [
        {
            "file_path": "images/frame_00364.jpg",
            "transform_matrix": [
                [
                    0.999041561565959,
                    -0.007077578338312761,
                    0.043195672800815405,
                    0.00845482536106676
                ],
                [
                    0.04171398801529917,
                    -0.14506781021021783,
                    -0.9885419938700994,
                    1.3701021832070812
                ],
                [
                    0.01326278506609888,
                    0.9893964010070367,
                    -0.14463353762738848,
                    2.1501644158382853
                ],
                [
                    0.0,
                    0.0,
                    0.0,
                    1.0
                ]
            ],
            "colmap_im_id": 335
        },
        {
            "file_path": "images/frame_00360.jpg",
            "transform_matrix": [
                [
                    0.995047656788571,
                    0.05458006469405064,
                    0.08307332458477253,
                    0.17409293165705872
                ],
                [
                    0.095024038012605,
                    -0.27711146790274244,
                    -0.9561274321744807,
                    1.2929313682258976
                ],
                [
                    -0.029164926184592384,
                    0.9592863237296676,
                    -0.28092553494808314,
                    1.6261650233724267
                ],
                [
                    0.0,
                    0.0,
                    0.0,
                    1.0
                ]
            ],
            "colmap_im_id": 331
        },
        {
            "file_path": "images/frame_00362.jpg",
            "transform_matrix": [
                [
                    0.9981493478833887,
                    0.01749584216082151,
                    0.05823894596444479,
                    0.051339153313392095
                ],
                [
                    0.06059026796215089,
                    -0.2047634300421425,
                    -0.9769343668566745,
                    1.380817500733707
                ],
                [
                    -0.005167083146287764,
                    0.9786551145446797,
                    -0.20544456193167804,
                    1.893139836529735
                ],
                [
                    0.0,
                    0.0,
                    0.0,
                    1.0
                ]
            ],
            "colmap_im_id": 333
        },
        {
            "file_path": "images/frame_00363.jpg",
            "transform_matrix": [
                [
                    0.9988610408784305,
                    0.006999432059534903,
                    0.04719776441848243,
                    0.04227624533297911
                ],
                [
                    0.047688311990733485,
                    -0.17887276409444194,
                    -0.9827158079346686,
                    1.3745140235759454
                ],
                [
                    0.0015639420491425934,
                    0.9838473165161644,
                    -0.17900282642798926,
                    2.000006390776693
                ],
                [
                    0.0,
                    0.0,
                    0.0,
                    1.0
                ]
            ],
            "colmap_im_id": 334
        },
        {
            "file_path": "images/frame_00361.jpg",
            "transform_matrix": [
                [
                    0.9969494404756578,
                    0.03489437265406987,
                    0.06981544164690272,
                    0.09511466085629758
                ],
                [
                    0.07617014745996259,
                    -0.2398378947493731,
                    -0.9678201758994881,
                    1.331739667979811
                ],
                [
                    -0.017027089334373337,
                    0.970185635329274,
                    -0.24176416448583055,
                    1.7683731089324652
                ],
                [
                    0.0,
                    0.0,
                    0.0,
                    1.0
                ]
            ],
            "colmap_im_id": 332
        },
        {
            "file_path": "images/frame_00365.jpg",
            "transform_matrix": [
                [
                    0.9989119692189351,
                    -0.01617286318112146,
                    0.04374147057055008,
                    -0.021158132109467754
                ],
                [
                    0.041607768376340025,
                    -0.11456469974649798,
                    -0.9925440661163288,
                    1.3883081904045973
                ],
                [
                    0.02106350782491871,
                    0.9932841325967707,
                    -0.11376713308152796,
                    2.301667385598485
                ],
                [
                    0.0,
                    0.0,
                    0.0,
                    1.0
                ]
            ],
            "colmap_im_id": 336
        },
        {
            "file_path": "images/frame_00366.jpg",
            "transform_matrix": [
                [
                    0.9988752088997795,
                    -0.03058184954325303,
                    0.036236273593397324,
                    -0.09206670565968263
                ],
                [
                    0.033987698485811194,
                    -0.07109213123740117,
                    -0.996890538237655,
                    1.41028337877666
                ],
                [
                    0.033062870369332684,
                    0.997000832173493,
                    -0.06997276075947512,
                    2.5041542849100473
                ],
                [
                    0.0,
                    0.0,
                    0.0,
                    1.0
                ]
            ],
            "colmap_im_id": 337
        },
        {
            "file_path": "images/frame_00367.jpg",
            "transform_matrix": [
                [
                    0.9985979405110357,
                    -0.05104815849364648,
                    0.014008523174320844,
                    -0.16768646750331279
                ],
                [
                    0.01216025110621575,
                    -0.03633887651821415,
                    -0.9992655374555994,
                    1.4062497708269062
                ],
                [
                    0.05151971952710645,
                    0.9980348548862419,
                    -0.03566716882578084,
                    2.6365258622721712
                ],
                [
                    0.0,
                    0.0,
                    0.0,
                    1.0
                ]
            ],
            "colmap_im_id": 338
        },
        {
            "file_path": "images/frame_00368.jpg",
            "transform_matrix": [
                [
                    0.9962278790360073,
                    -0.08197206942782381,
                    -0.028470912615136353,
                    -0.2548115557869686
                ],
                [
                    -0.028202088815124655,
                    0.004435666465414261,
                    -0.9995924004560416,
                    1.447271042862635
                ],
                [
                    0.0820649451220344,
                    0.9966247562130531,
                    0.0021071510125877397,
                    2.764811849007934
                ],
                [
                    0.0,
                    0.0,
                    0.0,
                    1.0
                ]
            ],
            "colmap_im_id": 339
        },
        {
            "file_path": "images/frame_00369.jpg",
            "transform_matrix": [
                [
                    0.9921213937319496,
                    -0.10595344657602988,
                    -0.06685063393891151,
                    -0.32819888056153634
                ],
                [
                    -0.0632087149114644,
                    0.037369696953897115,
                    -0.997300438237553,
                    1.4926892278079484
                ],
                [
                    0.1081656066345268,
                    0.9936686434160206,
                    0.030378094626729638,
                    2.86972802462171
                ],
                [
                    0.0,
                    0.0,
                    0.0,
                    1.0
                ]
            ],
            "colmap_im_id": 340
        },
        {
            "file_path": "images/frame_00370.jpg",
            "transform_matrix": [
                [
                    0.9856201524456115,
                    -0.12511138783450756,
                    -0.11357841224111569,
                    -0.4246414723276531
                ],
                [
                    -0.10509097576770622,
                    0.07248924446997324,
                    -0.9918171183481175,
                    1.5674275534426971
                ],
                [
                    0.13232082944601264,
                    0.9894910055530043,
                    0.05829878235798191,
                    2.955964545702878
                ],
                [
                    0.0,
                    0.0,
                    0.0,
                    1.0
                ]
            ],
            "colmap_im_id": 341
        },
        {
            "file_path": "images/frame_00371.jpg",
            "transform_matrix": [
                [
                    0.9782808771389898,
                    -0.13829952481913257,
                    -0.15440131754285946,
                    -0.512332011080969
                ],
                [
                    -0.1407042679513498,
                    0.10392305968821752,
                    -0.9845823005951884,
                    1.5697790619243464
                ],
                [
                    0.1522131216565889,
                    0.9849229609973773,
                    0.08220660858906143,
                    3.03051248717227
                ],
                [
                    0.0,
                    0.0,
                    0.0,
                    1.0
                ]
            ],
            "colmap_im_id": 342
        },
        {
            "file_path": "images/frame_00372.jpg",
            "transform_matrix": [
                [
                    0.9686359051791136,
                    -0.15211553479722817,
                    -0.1964824350195017,
                    -0.6105690563372115
                ],
                [
                    -0.1756148296674655,
                    0.140332482984918,
                    -0.9744055756306789,
                    1.6628288587958677
                ],
                [
                    0.17579509321567113,
                    0.9783494561211964,
                    0.10921733794893795,
                    3.1258691169289183
                ],
                [
                    0.0,
                    0.0,
                    0.0,
                    1.0
                ]
            ],
            "colmap_im_id": 343
        },
        {
            "file_path": "images/frame_00359.jpg",
            "transform_matrix": [
                [
                    0.9917100247016131,
                    0.07762760837295243,
                    0.10239717439764531,
                    0.273342478551169
                ],
                [
                    0.12247210088225213,
                    -0.32989630828878275,
                    -0.9360390004069915,
                    1.2482938176820038
                ],
                [
                    -0.03888201913241796,
                    0.9408200572881764,
                    -0.3366686923259399,
                    1.4482260864375482
                ],
                [
                    0.0,
                    0.0,
                    0.0,
                    1.0
                ]
            ],
            "colmap_im_id": 330
        },
        {
            "file_path": "images/frame_00358.jpg",
            "transform_matrix": [
                [
                    0.9881548610409528,
                    0.0956057702881436,
                    0.12003960716674243,
                    0.31361254337253
                ],
                [
                    0.14758960864268283,
                    -0.37778954148892235,
                    -0.9140527171680469,
                    1.1938101186808476
                ],
                [
                    -0.04203900595678781,
                    0.9209422343606576,
                    -0.3874249900935207,
                    1.3287628964194818
                ],
                [
                    0.0,
                    0.0,
                    0.0,
                    1.0
                ]
            ],
            "colmap_im_id": 329
        },
        {
            "file_path": "images/frame_00357.jpg",
            "transform_matrix": [
                [
                    0.9843275288822191,
                    0.11676990949356243,
                    0.13215182224051908,
                    0.35952578641465294
                ],
                [
                    0.17032504081746946,
                    -0.43529882639806144,
                    -0.8840273254866037,
                    1.1655304924700842
                ],
                [
                    -0.045702257659243586,
                    0.892681197277805,
                    -0.44836545771447706,
                    1.1876921077687248
                ],
                [
                    0.0,
                    0.0,
                    0.0,
                    1.0
                ]
            ],
            "colmap_im_id": 328
        },
        {
            "file_path": "images/frame_00356.jpg",
            "transform_matrix": [
                [
                    0.9820850537904954,
                    0.13213738876891434,
                    0.13434529247671015,
                    0.41242596829605366
                ],
                [
                    0.18219992099131294,
                    -0.4839389408750113,
                    -0.8559242316324103,
                    1.1506598880354235
                ],
                [
                    -0.048084674399223294,
                    0.8650680967381151,
                    -0.4993446225742454,
                    1.0604940925571704
                ],
                [
                    0.0,
                    0.0,
                    0.0,
                    1.0
                ]
            ],
            "colmap_im_id": 327
        },
        {
            "file_path": "images/frame_00355.jpg",
            "transform_matrix": [
                [
                    0.9777552206400633,
                    0.15664794459981674,
                    0.13948530375546464,
                    0.467546753444838
                ],
                [
                    0.20289751422593277,
                    -0.5377840532953895,
                    -0.8183036788027529,
                    1.1513507458893852
                ],
                [
                    -0.05317261731416743,
                    0.8284019154213941,
                    -0.5576046442544456,
                    0.908009428831003
                ],
                [
                    0.0,
                    0.0,
                    0.0,
                    1.0
                ]
            ],
            "colmap_im_id": 326
        },
        {
            "file_path": "images/frame_00354.jpg",
            "transform_matrix": [
                [
                    0.9729004224884452,
                    0.1805012218279831,
                    0.14451324105565536,
                    0.48010712354717566
                ],
                [
                    0.2239365382967327,
                    -0.5798618288269451,
                    -0.7833343387629236,
                    1.2151878515008496
                ],
                [
                    -0.057595092998281416,
                    0.7944681040721998,
                    -0.6045686370251466,
                    0.7073489761223536
                ],
                [
                    0.0,
                    0.0,
                    0.0,
                    1.0
                ]
            ],
            "colmap_im_id": 325
        },
        {
            "file_path": "images/frame_00374.jpg",
            "transform_matrix": [
                [
                    0.9488113931770404,
                    -0.16974007897450014,
                    -0.2663554875859971,
                    -0.8301507756040426
                ],
                [
                    -0.23128926668364966,
                    0.20088863581358662,
                    -0.9519186053008397,
                    1.8694434313317991
                ],
                [
                    0.2150865297836742,
                    0.964796383487566,
                    0.15134636802688722,
                    3.268625177267251
                ],
                [
                    0.0,
                    0.0,
                    0.0,
                    1.0
                ]
            ],
            "colmap_im_id": 344
        },
        {
            "file_path": "images/frame_00375.jpg",
            "transform_matrix": [
                [
                    0.9405934255904674,
                    -0.17856594073795035,
                    -0.28878748682095046,
                    -0.877887416916961
                ],
                [
                    -0.2480231378778695,
                    0.21951619730525623,
                    -0.943555595711167,
                    1.9188574051610452
                ],
                [
                    0.23188042352299848,
                    0.9591281686662169,
                    0.16218700705600378,
                    3.314881569539755
                ],
                [
                    0.0,
                    0.0,
                    0.0,
                    1.0
                ]
            ],
            "colmap_im_id": 345
        },
        {
            "file_path": "images/frame_00376.jpg",
            "transform_matrix": [
                [
                    0.9358350729601603,
                    -0.19461743442539245,
                    -0.29383119377514966,
                    -0.9187326687525054
                ],
                [
                    -0.2487542968307613,
                    0.2258594479725899,
                    -0.9418645388641355,
                    1.931119478368896
                ],
                [
                    0.24966781135317578,
                    0.9545216414409866,
                    0.16295526992067494,
                    3.3335346389565994
                ],
                [
                    0.0,
                    0.0,
                    0.0,
                    1.0
                ]
            ],
            "colmap_im_id": 346
        },
        {
            "file_path": "images/frame_00377.jpg",
            "transform_matrix": [
                [
                    0.9354631071213882,
                    -0.21506889815778657,
                    -0.2804534618434822,
                    -0.9348940797432133
                ],
                [
                    -0.23406424529983472,
                    0.21755766166967364,
                    -0.9475666693805995,
                    1.9210573826879969
                ],
                [
                    0.26480691888056224,
                    0.9520577886315619,
                    0.15317722682880738,
                    3.3022227757818445
                ],
                [
                    0.0,
                    0.0,
                    0.0,
                    1.0
                ]
            ],
            "colmap_im_id": 347
        },
        {
            "file_path": "images/frame_00378.jpg",
            "transform_matrix": [
                [
                    0.9382701460188415,
                    -0.23816193200156022,
                    -0.25085459380897535,
                    -0.9484590768550678
                ],
                [
                    -0.2080364085908759,
                    0.19085891887590498,
                    -0.9593194075938059,
                    1.9141983736986645
                ],
                [
                    0.27635120008856845,
                    0.952287649416291,
                    0.1295308726860246,
                    3.1829979207504953
                ],
                [
                    0.0,
                    0.0,
                    0.0,
                    1.0
                ]
            ],
            "colmap_im_id": 348
        },
        {
            "file_path": "images/frame_00379.jpg",
            "transform_matrix": [
                [
                    0.9389659881674437,
                    -0.2593103018940738,
                    -0.22605539231865365,
                    -0.9967543395605746
                ],
                [
                    -0.18917141952616334,
                    0.1596360048436623,
                    -0.9688810659683729,
                    1.8808502936424643
                ],
                [
                    0.2873274214188273,
                    0.9525095869801828,
                    0.10083868112807233,
                    3.0532927918048416
                ],
                [
                    0.0,
                    0.0,
                    0.0,
                    1.0
                ]
            ],
            "colmap_im_id": 349
        },
        {
            "file_path": "images/frame_00380.jpg",
            "transform_matrix": [
                [
                    0.9347795836771954,
                    -0.27871705197983376,
                    -0.22023608894992572,
                    -1.1039121746874432
                ],
                [
                    -0.1879896035930016,
                    0.13790937009121323,
                    -0.9724406997765936,
                    1.9259444499747747
                ],
                [
                    0.30140842536537543,
                    0.9504198075464944,
                    0.07651895544274961,
                    2.933663337240347
                ],
                [
                    0.0,
                    0.0,
                    0.0,
                    1.0
                ]
            ],
            "colmap_im_id": 350
        },
        {
            "file_path": "images/frame_00353.jpg",
            "transform_matrix": [
                [
                    0.9688774377174065,
                    0.19674485224826807,
                    0.1502264084505792,
                    0.4675571090441598
                ],
                [
                    0.24168097915727338,
                    -0.6205658042370268,
                    -0.7459814923476541,
                    1.2816121436118193
                ],
                [
                    -0.053542646514107964,
                    0.7590715023800187,
                    -0.6488016948797267,
                    0.4976982193176829
                ],
                [
                    0.0,
                    0.0,
                    0.0,
                    1.0
                ]
            ],
            "colmap_im_id": 324
        },
        {
            "file_path": "images/frame_00352.jpg",
            "transform_matrix": [
                [
                    0.9675513770900331,
                    0.20316604767505297,
                    0.15022612876353586,
                    0.4299352954587503
                ],
                [
                    0.24765903849587756,
                    -0.6446603773002663,
                    -0.7232413142170295,
                    1.3446748130401158
                ],
                [
                    -0.05009324647572554,
                    0.7369779881456272,
                    -0.6740579438344644,
                    0.35678939419371525
                ],
                [
                    0.0,
                    0.0,
                    0.0,
                    1.0
                ]
            ],
            "colmap_im_id": 323
        },
        {
            "file_path": "images/frame_00351.jpg",
            "transform_matrix": [
                [
                    0.9671525315358935,
                    0.2083159517789091,
                    0.14567238921003373,
                    0.39959587967953547
                ],
                [
                    0.24919164984768855,
                    -0.663821700091225,
                    -0.705155495003891,
                    1.4899562133591144
                ],
                [
                    -0.050194645032108076,
                    0.7182932651239623,
                    -0.6939274334450669,
                    0.20182235308425123
                ],
                [
                    0.0,
                    0.0,
                    0.0,
                    1.0
                ]
            ],
            "colmap_im_id": 322
        },
        {
            "file_path": "images/frame_00350.jpg",
            "transform_matrix": [
                [
                    0.9664068486945977,
                    0.21293973354913975,
                    0.143925232923898,
                    0.399834467253988
                ],
                [
                    0.2523192672821714,
                    -0.6794596113334543,
                    -0.6889627159177624,
                    1.6290883290181937
                ],
                [
                    -0.04891615432927131,
                    0.7021333964729298,
                    -0.7103632193483995,
                    0.06571224386355794
                ],
                [
                    0.0,
                    0.0,
                    0.0,
                    1.0
                ]
            ],
            "colmap_im_id": 321
        },
        {
            "file_path": "images/frame_00349.jpg",
            "transform_matrix": [
                [
                    0.9676752924320099,
                    0.21546701051026862,
                    0.13106676084496827,
                    0.41530441638799703
                ],
                [
                    0.24686148013147674,
                    -0.7028798725073385,
                    -0.6670976648522794,
                    1.717056452544997
                ],
                [
                    -0.05161335141144054,
                    0.6778892624948674,
                    -0.7333499913071819,
                    -0.10708258611132757
                ],
                [
                    0.0,
                    0.0,
                    0.0,
                    1.0
                ]
            ],
            "colmap_im_id": 320
        },
        {
            "file_path": "images/frame_00348.jpg",
            "transform_matrix": [
                [
                    0.9677769321351646,
                    0.22007961255440822,
                    0.12236328601729557,
                    0.49047181908378706
                ],
                [
                    0.24620875301115194,
                    -0.7251048224927226,
                    -0.6431207089952018,
                    1.8385334028223697
                ],
                [
                    -0.052811547674182995,
                    0.6525242988086336,
                    -0.7559252475586186,
                    -0.22957949847209091
                ],
                [
                    0.0,
                    0.0,
                    0.0,
                    1.0
                ]
            ],
            "colmap_im_id": 319
        },
        {
            "file_path": "images/frame_00347.jpg",
            "transform_matrix": [
                [
                    0.9681034027690694,
                    0.22510416573703068,
                    0.11001779908171537,
                    0.6208466700754174
                ],
                [
                    0.24480283196707345,
                    -0.7563073671620728,
                    -0.6066883383066418,
                    1.876386377952596
                ],
                [
                    -0.05336080029244406,
                    0.6142697135169608,
                    -0.7872898729489292,
                    -0.3483213760075757
                ],
                [
                    0.0,
                    0.0,
                    0.0,
                    1.0
                ]
            ],
            "colmap_im_id": 318
        },
        {
            "file_path": "images/frame_00346.jpg",
            "transform_matrix": [
                [
                    0.9689592086039225,
                    0.22318175987255592,
                    0.10633886458792469,
                    0.7379212504366893
                ],
                [
                    0.24323972976596198,
                    -0.783774658633872,
                    -0.5714295392668628,
                    1.8516217848267833
                ],
                [
                    -0.04418694292482797,
                    0.5795577508269093,
                    -0.8137323439137785,
                    -0.38140857131530603
                ],
                [
                    0.0,
                    0.0,
                    0.0,
                    1.0
                ]
            ],
            "colmap_im_id": 317
        },
        {
            "file_path": "images/frame_00345.jpg",
            "transform_matrix": [
                [
                    0.9701915532203194,
                    0.22031292441538614,
                    0.10094833032539123,
                    0.8342592105568573
                ],
                [
                    0.23993050941499017,
                    -0.8146564327019002,
                    -0.5279850824685082,
                    1.7916088304993398
                ],
                [
                    -0.034083730896239506,
                    0.5364672515568443,
                    -0.843232581969671,
                    -0.38529184858805815
                ],
                [
                    0.0,
                    0.0,
                    0.0,
                    1.0
                ]
            ],
            "colmap_im_id": 316
        },
        {
            "file_path": "images/frame_00344.jpg",
            "transform_matrix": [
                [
                    0.9710844910939529,
                    0.21947407349112338,
                    0.0939470181645552,
                    0.9481259073554413
                ],
                [
                    0.23708048598898465,
                    -0.8402794293573262,
                    -0.48756878874898546,
                    1.7599666139740444
                ],
                [
                    -0.02806696136073809,
                    0.4957434938192724,
                    -0.8680153420394342,
                    -0.3754575294518537
                ],
                [
                    0.0,
                    0.0,
                    0.0,
                    1.0
                ]
            ],
            "colmap_im_id": 315
        },
        {
            "file_path": "images/frame_00343.jpg",
            "transform_matrix": [
                [
                    0.9719390910311605,
                    0.21838115340697847,
                    0.0874304018185841,
                    1.1192840290456998
                ],
                [
                    0.23439866187560365,
                    -0.8678426468028094,
                    -0.43807123587519464,
                    1.6926822753015807
                ],
                [
                    -0.019790670439572285,
                    0.44627212799695626,
                    -0.8946784434290456,
                    -0.3707660185677891
                ],
                [
                    0.0,
                    0.0,
                    0.0,
                    1.0
                ]
            ],
            "colmap_im_id": 314
        },
        {
            "file_path": "images/frame_00342.jpg",
            "transform_matrix": [
                [
                    0.9739481275231251,
                    0.21169200228957988,
                    0.0813113833410012,
                    1.2348170367333653
                ],
                [
                    0.2264244002428011,
                    -0.887982989503161,
                    -0.40027265873116685,
                    1.6163002557937276
                ],
                [
                    -0.012531395328794659,
                    0.40825568767582143,
                    -0.9127816045536061,
                    -0.371455550263832
                ],
                [
                    0.0,
                    0.0,
                    0.0,
                    1.0
                ]
            ],
            "colmap_im_id": 313
        },
        {
            "file_path": "images/frame_00341.jpg",
            "transform_matrix": [
                [
                    0.976225243734496,
                    0.20251637571011494,
                    0.07727477638119187,
                    1.284862712822301
                ],
                [
                    0.2166187823080275,
                    -0.8986930947467371,
                    -0.3813489538544974,
                    1.5023845502241044
                ],
                [
                    -0.00778310008358128,
                    0.38902164338732076,
                    -0.9211957361654021,
                    -0.3398035473109641
                ],
                [
                    0.0,
                    0.0,
                    0.0,
                    1.0
                ]
            ],
            "colmap_im_id": 312
        },
        {
            "file_path": "images/frame_00340.jpg",
            "transform_matrix": [
                [
                    0.976606576928926,
                    0.20094392213922638,
                    0.07655804369542177,
                    1.2797823638552956
                ],
                [
                    0.21491206278979205,
                    -0.9001125480889987,
                    -0.3789593725456157,
                    1.4393954477689117
                ],
                [
                    -0.007238726863341282,
                    0.38654746271064144,
                    -0.9222411072519828,
                    -0.2600995327304182
                ],
                [
                    0.0,
                    0.0,
                    0.0,
                    1.0
                ]
            ],
            "colmap_im_id": 311
        },
        {
            "file_path": "images/frame_00339.jpg",
            "transform_matrix": [
                [
                    0.9755998904165718,
                    0.20573481170641386,
                    0.07666838377910193,
                    1.2918201735914558
                ],
                [
                    0.2193277032802889,
                    -0.8973127845068826,
                    -0.3830471581075865,
                    1.3915049365753624
                ],
                [
                    -0.010010614015472926,
                    0.3905162660026228,
                    -0.920541597970674,
                    -0.14980743831702542
                ],
                [
                    0.0,
                    0.0,
                    0.0,
                    1.0
                ]
            ],
            "colmap_im_id": 310
        },
        {
            "file_path": "images/frame_00338.jpg",
            "transform_matrix": [
                [
                    0.9750987562247387,
                    0.20769457495283566,
                    0.07775203626998047,
                    1.2876923920939058
                ],
                [
                    0.22146169015147274,
                    -0.8934191179376223,
                    -0.3908413994177356,
                    1.391763948922888
                ],
                [
                    -0.011710482663858098,
                    0.3983280598184389,
                    -0.9171682622927253,
                    0.006885735947375085
                ],
                [
                    0.0,
                    0.0,
                    0.0,
                    1.0
                ]
            ],
            "colmap_im_id": 309
        },
        {
            "file_path": "images/frame_00337.jpg",
            "transform_matrix": [
                [
                    0.9742381970873173,
                    0.2109461686668142,
                    0.07975994772343416,
                    1.3317425747033533
                ],
                [
                    0.22509001474896986,
                    -0.8876638567148141,
                    -0.4017304603119991,
                    1.3799473569187453
                ],
                [
                    -0.01394347863201633,
                    0.4093343271788651,
                    -0.9122779116018671,
                    0.19876765808417687
                ],
                [
                    0.0,
                    0.0,
                    0.0,
                    1.0
                ]
            ],
            "colmap_im_id": 308
        },
        {
            "file_path": "images/frame_00336.jpg",
            "transform_matrix": [
                [
                    0.9739462655282327,
                    0.21113895439141195,
                    0.0827587687324463,
                    1.36063691770961
                ],
                [
                    0.22633353968367276,
                    -0.8821369728308083,
                    -0.41304659540923055,
                    1.3781147223750194
                ],
                [
                    -0.014205656544792361,
                    0.421016274155048,
                    -0.9069418372854638,
                    0.3724645100262127
                ],
                [
                    0.0,
                    0.0,
                    0.0,
                    1.0
                ]
            ],
            "colmap_im_id": 307
        },
        {
            "file_path": "images/frame_00335.jpg",
            "transform_matrix": [
                [
                    0.9740307447616282,
                    0.20977235057846044,
                    0.08520369236069121,
                    1.4070109826447845
                ],
                [
                    0.22586554998974212,
                    -0.874018854008603,
                    -0.4302043655814292,
                    1.4209476101083505
                ],
                [
                    -0.01577534744273885,
                    0.43827685744318756,
                    -0.8987015826417493,
                    0.537859704243567
                ],
                [
                    0.0,
