{
    "camera_model": "OPENCV",
    "w": 1080,
    "h": 1920,
    "fl_x": 1086.9910458727556,
    "fl_y": 1088.941227955453,
    "frames": [
        {
            "file_path": "images/frame_00364.jpg",
            "pose_matrix_c2w": [
                [
                    0.9990415573120117,
                    -0.007077578455209732,
                    0.04319567233324051,
                    0.008454825729131699
                ],
                [
                    0.04171398654580116,
                    -0.14506781101226807,
                    -0.9885420203208923,
                    1.3701021671295166
                ],
                [
                    0.013262785039842129,
                    0.9893963932991028,
                    -0.14463353157043457,
                    2.1501643657684326
                ],
                [
                    0.0,
                    0.0,
                    0.0,
                    1.0
                ]
            ]
        },
        {
            "file_path": "images/frame_00360.jpg",
            "pose_matrix_c2w": [
                [
                    0.9950476288795471,
                    0.05458006635308266,
                    0.08307332545518875,
                    0.17409293353557587
                ],
                [
                    0.09502403438091278,
                    -0.2771114706993103,
                    -0.956127405166626,
                    1.292931318283081
                ],
                [
                    -0.029164927080273628,
                    0.9592863321304321,
                    -0.28092554211616516,
                    1.6261650323867798
                ],
                [
                    0.0,
                    0.0,
                    0.0,
                    1.0
                ]
            ]
        },
        {
            "file_path": "images/frame_00362.jpg",
            "pose_matrix_c2w": [
                [
                    0.9981493353843689,
                    0.017495842650532722,
                    0.05823894590139389,
                    0.051339153200387955
                ],
                [
                    0.060590267181396484,
                    -0.20476342737674713,
                    -0.9769343733787537,
                    1.3808175325393677
                ],
                [
                    -0.005167083349078894,
                    0.9786550998687744,
                    -0.2054445594549179,
                    1.8931398391723633
                ],
                [
                    0.0,
                    0.0,
                    0.0,
                    1.0
                ]
            ]
        },
        {
            "file_path": "images/frame_00363.jpg",
            "pose_matrix_c2w": [
                [
                    0.9988610148429871,
                    0.006999432109296322,
                    0.04719776287674904,
                    0.04227624461054802
                ],
                [
                    0.0476883128285408,
                    -0.17887276411056519,
                    -0.9827157855033875,
                    1.3745139837265015
                ],
                [
                    0.0015639420598745346,
                    0.9838473200798035,
                    -0.1790028214454651,
                    2.0000064373016357
                ],
                [
                    0.0,
                    0.0,
                    0.0,
                    1.0
                ]
            ]
        },
        {
            "file_path": "images/frame_00361.jpg",
            "pose_matrix_c2w": [
                [
                    0.9969494342803955,
                    0.03489437326788902,
                    0.06981544196605682,
                    0.09511466324329376
                ],
                [
                    0.07617014646530151,
                    -0.2398378998041153,
                    -0.9678201675415039,
                    1.3317396640777588
                ],
                [
                    -0.01702708937227726,
                    0.9701856374740601,
                    -0.2417641580104828,
                    1.7683731317520142
                ],
                [
                    0.0,
                    0.0,
                    0.0,
                    1.0
                ]
            ]
        },
        {
            "file_path": "images/frame_00365.jpg",
            "pose_matrix_c2w": [
                [
                    0.99891197681427,
                    -0.0161728635430336,
                    0.04374147206544876,
                    -0.021158132702112198
                ],
                [
                    0.04160776734352112,
                    -0.11456470191478729,
                    -0.9925440549850464,
                    1.3883081674575806
                ],
                [
                    0.021063508465886116,
                    0.9932841062545776,
                    -0.11376713216304779,
                    2.3016674518585205
                ],
                [
                    0.0,
                    0.0,
                    0.0,
                    1.0
                ]
            ]
        },
        {
            "file_path": "images/frame_00366.jpg",
            "pose_matrix_c2w": [
                [
                    0.9988752007484436,
                    -0.030581848695874214,
                    0.03623627498745918,
                    -0.0920667052268982
                ],
                [
                    0.03398769721388817,
                    -0.07109212875366211,
                    -0.9968905448913574,
                    1.4102833271026611
                ],
                [
                    0.03306287154555321,
                    0.9970008134841919,
                    -0.06997276097536087,
                    2.5041542053222656
                ],
                [
                    0.0,
                    0.0,
                    0.0,
                    1.0
                ]
            ]
        },
        {
            "file_path": "images/frame_00367.jpg",
            "pose_matrix_c2w": [
                [
                    0.9985979199409485,
                    -0.0510481595993042,
                    0.01400852296501398,
                    -0.16768646240234375
                ],
                [
                    0.012160250917077065,
                    -0.03633887693285942,
                    -0.9992655515670776,
                    1.406249761581421
                ],
                [
                    0.051519718021154404,
                    0.9980348348617554,
                    -0.03566716983914375,
                    2.636525869369507
                ],
                [
                    0.0,
                    0.0,
                    0.0,
                    1.0
                ]
            ]
        },
        {
            "file_path": "images/frame_00368.jpg",
            "pose_matrix_c2w": [
                [
                    0.9962278604507446,
                    -0.08197207003831863,
                    -0.02847091294825077,
                    -0.254811555147171
                ],
                [
                    -0.028202088549733162,
                    0.004435666371136904,
                    -0.9995924234390259,
                    1.4472709894180298
                ],
                [
                    0.08206494152545929,
                    0.996624767780304,
                    0.00210715108551085,
                    2.7648117542266846
                ],
                [
                    0.0,
                    0.0,
                    0.0,
                    1.0
                ]
            ]
        },
        {
            "file_path": "images/frame_00369.jpg",
            "pose_matrix_c2w": [
                [
                    0.9921213984489441,
                    -0.10595344752073288,
                    -0.06685063242912292,
                    -0.3281988799571991
                ],
                [
                    -0.06320871412754059,
                    0.03736969828605652,
                    -0.9973004460334778,
                    1.4926892518997192
                ],
                [
                    0.10816560685634613,
                    0.9936686158180237,
                    0.03037809394299984,
                    2.8697280883789062
                ],
                [
                    0.0,
                    0.0,
                    0.0,
                    1.0
                ]
            ]
        },
        {
            "file_path": "images/frame_00370.jpg",
            "pose_matrix_c2w": [
                [
                    0.9856201410293579,
                    -0.125111386179924,
                    -0.11357840895652771,
                    -0.4246414601802826
                ],
                [
                    -0.10509097576141357,
                    0.07248924672603607,
                    -0.9918171167373657,
                    1.5674275159835815
                ],
                [
                    0.132320836186409,
                    0.9894909858703613,
                    0.058298781514167786,
                    2.9559645652770996
                ],
                [
                    0.0,
                    0.0,
                    0.0,
                    1.0
                ]
            ]
        },
        {
            "file_path": "images/frame_00371.jpg",
            "pose_matrix_c2w": [
                [
                    0.9782809019088745,
                    -0.13829952478408813,
                    -0.15440131723880768,
                    -0.512332022190094
                ],
                [
                    -0.14070427417755127,
                    0.10392305999994278,
                    -0.9845823049545288,
                    1.5697790384292603
                ],
                [
                    0.15221312642097473,
                    0.9849229454994202,
                    0.0822066068649292,
                    3.030512571334839
                ],
                [
                    0.0,
                    0.0,
                    0.0,
                    1.0
                ]
            ]
        },
        {
            "file_path": "images/frame_00372.jpg",
            "pose_matrix_c2w": [
                [
                    0.9686359167098999,
                    -0.15211553871631622,
                    -0.19648243486881256,
                    -0.6105690598487854
                ],
                [
                    -0.1756148338317871,
                    0.14033249020576477,
                    -0.9744055867195129,
                    1.662828803062439
                ],
                [
                    0.17579509317874908,
                    0.9783494472503662,
                    0.1092173382639885,
                    3.125869035720825
                ],
                [
                    0.0,
                    0.0,
                    0.0,
                    1.0
                ]
            ]
        },
        {
            "file_path": "images/frame_00359.jpg",
            "pose_matrix_c2w": [
                [
                    0.9917100071907043,
                    0.07762760668992996,
                    0.10239717364311218,
                    0.273342490196228
                ],
                [
                    0.12247209995985031,
                    -0.32989630103111267,
                    -0.9360389709472656,
                    1.2482938766479492
                ],
                [
                    -0.038882020860910416,
                    0.940820038318634,
                    -0.3366686999797821,
                    1.4482260942459106
                ],
                [
                    0.0,
                    0.0,
                    0.0,
                    1.0
                ]
            ]
        },
        {
            "file_path": "images/frame_00358.jpg",
            "pose_matrix_c2w": [
                [
                    0.9881548881530762,
                    0.09560576826334,
                    0.12003960460424423,
                    0.31361255049705505
                ],
                [
                    0.14758960902690887,
                    -0.37778952717781067,
                    -0.9140527248382568,
                    1.1938101053237915
                ],
                [
                    -0.04203900694847107,
                    0.9209422469139099,
                    -0.3874249756336212,
                    1.3287628889083862
                ],
                [
                    0.0,
                    0.0,
                    0.0,
                    1.0
                ]
            ]
        },
        {
            "file_path": "images/frame_00357.jpg",
            "pose_matrix_c2w": [
                [
                    0.9843275547027588,
                    0.11676990985870361,
                    0.13215182721614838,
                    0.35952579975128174
                ],
                [
                    0.17032504081726074,
                    -0.4352988302707672,
                    -0.8840273022651672,
                    1.1655304431915283
                ],
                [
                    -0.0457022562623024,
                    0.8926811814308167,
                    -0.4483654499053955,
                    1.1876921653747559
                ],
                [
                    0.0,
                    0.0,
                    0.0,
                    1.0
                ]
            ]
        },
        {
            "file_path": "images/frame_00356.jpg",
            "pose_matrix_c2w": [
                [
                    0.9820850491523743,
                    0.13213738799095154,
                    0.13434529304504395,
                    0.4124259650707245
                ],
                [
                    0.18219992518424988,
                    -0.48393893241882324,
                    -0.8559242486953735,
                    1.1506599187850952
                ],
                [
                    -0.048084672540426254,
                    0.8650680780410767,
                    -0.4993446171283722,
                    1.060494065284729
                ],
                [
                    0.0,
                    0.0,
                    0.0,
                    1.0
                ]
            ]
        },
        {
            "file_path": "images/frame_00355.jpg",
            "pose_matrix_c2w": [
                [
                    0.9777552485466003,
                    0.1566479504108429,
                    0.13948529958724976,
                    0.4675467610359192
                ],
                [
                    0.20289751887321472,
                    -0.5377840399742126,
                    -0.8183037042617798,
                    1.151350736618042
                ],
                [
                    -0.05317261815071106,
                    0.8284019231796265,
                    -0.5576046705245972,
                    0.90800940990448
                ],
                [
                    0.0,
                    0.0,
                    0.0,
                    1.0
                ]
            ]
        },
        {
            "file_path": "images/frame_00354.jpg",
            "pose_matrix_c2w": [
                [
                    0.9729004502296448,
                    0.18050122261047363,
                    0.14451323449611664,
                    0.4801071286201477
                ],
                [
                    0.2239365428686142,
                    -0.5798618197441101,
                    -0.7833343148231506,
                    1.215187907218933
                ],
                [
                    -0.05759509280323982,
                    0.794468104839325,
                    -0.6045686602592468,
                    0.7073490023612976
                ],
                [
                    0.0,
                    0.0,
                    0.0,
                    1.0
                ]
            ]
        },
        {
            "file_path": "images/frame_00374.jpg",
            "pose_matrix_c2w": [
                [
                    0.948811411857605,
                    -0.16974008083343506,
                    -0.2663554847240448,
                    -0.8301507830619812
                ],
                [
                    -0.23128926753997803,
                    0.20088863372802734,
                    -0.9519186019897461,
                    1.869443416595459
                ],
                [
                    0.21508653461933136,
                    0.9647963643074036,
                    0.1513463705778122,
                    3.268625259399414
                ],
                [
                    0.0,
                    0.0,
                    0.0,
                    1.0
                ]
            ]
        },
        {
            "file_path": "images/frame_00375.jpg",
            "pose_matrix_c2w": [
                [
                    0.940593421459198,
                    -0.17856593430042267,
                    -0.28878748416900635,
                    -0.8778874278068542
                ],
                [
                    -0.2480231374502182,
                    0.21951620280742645,
                    -0.9435555934906006,
                    1.918857455253601
                ],
                [
                    0.23188042640686035,
                    0.9591281414031982,
                    0.16218701004981995,
                    3.3148815631866455
                ],
                [
                    0.0,
                    0.0,
                    0.0,
                    1.0
                ]
            ]
        },
        {
            "file_path": "images/frame_00376.jpg",
            "pose_matrix_c2w": [
                [
                    0.935835063457489,
                    -0.19461743533611298,
                    -0.2938311994075775,
                    -0.9187326431274414
                ],
                [
                    -0.24875429272651672,
                    0.22585944831371307,
                    -0.941864550113678,
                    1.931119441986084
                ],
                [
                    0.24966780841350555,
                    0.954521656036377,
                    0.16295526921749115,
                    3.3335347175598145
                ],
                [
                    0.0,
                    0.0,
                    0.0,
                    1.0
                ]
            ]
        },
        {
            "file_path": "images/frame_00377.jpg",
            "pose_matrix_c2w": [
                [
                    0.9354631304740906,
                    -0.21506889164447784,
                    -0.28045347332954407,
                    -0.9348940849304199
                ],
                [
                    -0.2340642511844635,
                    0.21755766868591309,
                    -0.9475666880607605,
                    1.9210573434829712
                ],
                [
                    0.26480692625045776,
                    0.9520577788352966,
                    0.15317723155021667,
                    3.302222728729248
                ],
                [
                    0.0,
                    0.0,
                    0.0,
                    1.0
                ]
            ]
        },
        {
            "file_path": "images/frame_00378.jpg",
            "pose_matrix_c2w": [
                [
                    0.9382701516151428,
                    -0.23816193640232086,
                    -0.25085458159446716,
                    -0.9484590888023376
                ],
                [
                    -0.208036407828331,
                    0.19085891544818878,
                    -0.9593194127082825,
                    1.914198398590088
                ],
                [
                    0.2763512134552002,
                    0.9522876739501953,
                    0.1295308768749237,
                    3.182997941970825
                ],
                [
                    0.0,
                    0.0,
                    0.0,
                    1.0
                ]
            ]
        },
        {
            "file_path": "images/frame_00379.jpg",
            "pose_matrix_c2w": [
                [
                    0.9389659762382507,
                    -0.2593103051185608,
                    -0.22605539858341217,
                    -0.9967543482780457
                ],
                [
                    -0.1891714185476303,
                    0.1596360057592392,
                    -0.9688810706138611,
                    1.8808503150939941
                ],
                [
                    0.2873274087905884,
                    0.9525095820426941,
                    0.10083868354558945,
                    3.053292751312256
                ],
                [
                    0.0,
                    0.0,
                    0.0,
                    1.0
                ]
            ]
        },
        {
            "file_path": "images/frame_00380.jpg",
            "pose_matrix_c2w": [
                [
                    0.9347795844078064,
                    -0.278717041015625,
                    -0.22023609280586243,
                    -1.103912115097046
                ],
                [
                    -0.18798960745334625,
                    0.13790936768054962,
                    -0.9724407196044922,
                    1.925944447517395
                ],
                [
                    0.30140843987464905,
                    0.9504197835922241,
                    0.0765189528465271,
                    2.9336633682250977
                ],
                [
                    0.0,
                    0.0,
                    0.0,
                    1.0
                ]
            ]
        },
        {
            "file_path": "images/frame_00353.jpg",
            "pose_matrix_c2w": [
                [
                    0.9688774347305298,
                    0.1967448592185974,
                    0.1502264142036438,
                    0.4675571024417877
                ],
                [
                    0.24168097972869873,
                    -0.6205658316612244,
                    -0.7459815144538879,
                    1.2816121578216553
                ],
                [
                    -0.05354264751076698,
                    0.7590715289115906,
                    -0.6488016843795776,
                    0.49769821763038635
                ],
                [
                    0.0,
                    0.0,
                    0.0,
                    1.0
                ]
            ]
        },
        {
            "file_path": "images/frame_00352.jpg",
            "pose_matrix_c2w": [
                [
                    0.9675513505935669,
                    0.20316605269908905,
                    0.15022613108158112,
                    0.4299353063106537
                ],
                [
                    0.24765904247760773,
                    -0.6446603536605835,
                    -0.7232413291931152,
                    1.344674825668335
                ],
                [
                    -0.05009324476122856,
                    0.7369779944419861,
                    -0.6740579605102539,
                    0.35678938031196594
                ],
                [
                    0.0,
                    0.0,
                    0.0,
                    1.0
                ]
            ]
        },
        {
            "file_path": "images/frame_00351.jpg",
            "pose_matrix_c2w": [
                [
                    0.9671525359153748,
                    0.20831595361232758,
                    0.14567239582538605,
                    0.39959588646888733
                ],
                [
                    0.24919165670871735,
                    -0.6638216972351074,
                    -0.7051554918289185,
                    1.489956259727478
                ],
                [
                    -0.050194643437862396,
                    0.7182932496070862,
                    -0.6939274072647095,
                    0.20182235538959503
                ],
                [
                    0.0,
                    0.0,
                    0.0,
                    1.0
                ]
            ]
        },
        {
            "file_path": "images/frame_00350.jpg",
            "pose_matrix_c2w": [
                [
                    0.9664068222045898,
                    0.21293973922729492,
                    0.1439252346754074,
                    0.39983445405960083
                ],
                [
                    0.2523192763328552,
                    -0.6794596314430237,
                    -0.6889626979827881,
                    1.629088282585144
                ],
                [
                    -0.048916153609752655,
                    0.7021334171295166,
                    -0.7103632092475891,
                    0.06571224331855774
                ],
                [
                    0.0,
                    0.0,
                    0.0,
                    1.0
                ]
            ]
        },
        {
            "file_path": "images/frame_00349.jpg",
            "pose_matrix_c2w": [
                [
                    0.9676752686500549,
                    0.21546700596809387,
                    0.13106675446033478,
                    0.41530442237854004
                ],
                [
                    0.24686147272586823,
                    -0.7028798460960388,
                    -0.6670976877212524,
                    1.717056393623352
                ],
                [
                    -0.051613353192806244,
                    0.6778892874717712,
                    -0.7333499789237976,
                    -0.10708258301019669
                ],
                [
                    0.0,
                    0.0,
                    0.0,
                    1.0
                ]
            ]
        },
        {
            "file_path": "images/frame_00348.jpg",
            "pose_matrix_c2w": [
                [
                    0.9677769541740417,
                    0.22007961571216583,
                    0.12236328423023224,
                    0.49047181010246277
                ],
                [
                    0.24620875716209412,
                    -0.725104808807373,
                    -0.6431207060813904,
                    1.8385334014892578
                ],
                [
                    -0.05281154811382294,
                    0.6525242924690247,
                    -0.7559252381324768,
                    -0.22957949340343475
                ],
                [
                    0.0,
                    0.0,
                    0.0,
                    1.0
                ]
            ]
        },
        {
            "file_path": "images/frame_00347.jpg",
            "pose_matrix_c2w": [
                [
                    0.9681034088134766,
                    0.2251041680574417,
                    0.1100177988409996,
                    0.620846688747406
                ],
                [
                    0.2448028326034546,
                    -0.7563073635101318,
                    -0.6066883206367493,
                    1.8763864040374756
                ],
                [
                    -0.05336080119013786,
                    0.6142697334289551,
                    -0.7872898578643799,
                    -0.3483213782310486
                ],
                [
                    0.0,
                    0.0,
                    0.0,
                    1.0
                ]
            ]
        },
        {
            "file_path": "images/frame_00346.jpg",
            "pose_matrix_c2w": [
                [
                    0.9689592123031616,
                    0.22318175435066223,
                    0.10633886605501175,
                    0.7379212379455566
                ],
                [
                    0.24323973059654236,
                    -0.7837746739387512,
                    -0.5714295506477356,
                    1.8516217470169067
                ],
                [
                    -0.04418694227933884,
                    0.5795577764511108,
                    -0.8137323260307312,
                    -0.38140857219696045
                ],
                [
                    0.0,
                    0.0,
                    0.0,
                    1.0
                ]
            ]
        },
        {
            "file_path": "images/frame_00345.jpg",
            "pose_matrix_c2w": [
                [
                    0.9701915383338928,
                    0.2203129231929779,
                    0.10094833374023438,
                    0.8342592120170593
                ],
                [
                    0.23993051052093506,
                    -0.8146564364433289,
                    -0.5279850959777832,
                    1.7916088104248047
                ],
                [
                    -0.03408373147249222,
                    0.5364672541618347,
                    -0.8432325720787048,
                    -0.38529184460639954
                ],
                [
                    0.0,
                    0.0,
                    0.0,
                    1.0
                ]
            ]
        },
        {
            "file_path": "images/frame_00344.jpg",
            "pose_matrix_c2w": [
                [
                    0.971084475517273,
                    0.21947407722473145,
                    0.09394701570272446,
                    0.9481258988380432
                ],
                [
                    0.23708048462867737,
                    -0.8402794003486633,
                    -0.48756879568099976,
                    1.7599666118621826
                ],
                [
                    -0.028066961094737053,
                    0.4957434833049774,
                    -0.8680153489112854,
                    -0.3754575252532959
                ],
                [
                    0.0,
                    0.0,
                    0.0,
                    1.0
                ]
            ]
        },
        {
            "file_path": "images/frame_00343.jpg",
            "pose_matrix_c2w": [
                [
                    0.9719390869140625,
                    0.2183811515569687,
                    0.08743040263652802,
                    1.1192840337753296
                ],
                [
                    0.23439866304397583,
                    -0.8678426742553711,
                    -0.43807122111320496,
                    1.6926822662353516
                ],
                [
                    -0.01979066990315914,
                    0.4462721347808838,
                    -0.8946784138679504,
                    -0.3707660138607025
                ],
                [
                    0.0,
                    0.0,
                    0.0,
                    1.0
                ]
            ]
        },
        {
            "file_path": "images/frame_00342.jpg",
            "pose_matrix_c2w": [
                [
                    0.9739481210708618,
                    0.21169200539588928,
                    0.08131138235330582,
                    1.2348170280456543
                ],
                [
                    0.22642439603805542,
                    -0.887982964515686,
                    -0.4002726674079895,
                    1.6163002252578735
                ],
                [
                    -0.012531395070254803,
                    0.4082556962966919,
                    -0.9127815961837769,
                    -0.3714555501937866
                ],
                [
                    0.0,
                    0.0,
                    0.0,
                    1.0
                ]
            ]
        },
        {
            "file_path": "images/frame_00341.jpg",
            "pose_matrix_c2w": [
                [
                    0.9762252569198608,
                    0.2025163769721985,
                    0.07727477699518204,
                    1.284862756729126
                ],
                [
                    0.21661877632141113,
                    -0.8986930847167969,
                    -0.38134896755218506,
                    1.5023845434188843
                ],
                [
                    -0.007783100008964539,
                    0.389021635055542,
                    -0.9211957454681396,
                    -0.339803546667099
                ],
                [
                    0.0,
                    0.0,
                    0.0,
                    1.0
                ]
            ]
        },
        {
            "file_path": "images/frame_00340.jpg",
            "pose_matrix_c2w": [
                [
                    0.976606547832489,
                    0.20094391703605652,
                    0.07655804604291916,
                    1.2797824144363403
                ],
                [
                    0.2149120569229126,
                    -0.9001125693321228,
                    -0.3789593577384949,
                    1.4393954277038574
                ],
                [
                    -0.0072387270629405975,
                    0.3865474760532379,
                    -0.9222410917282104,
                    -0.26009953022003174
                ],
                [
                    0.0,
                    0.0,
                    0.0,
                    1.0
                ]
            ]
        },
        {
            "file_path": "images/frame_00339.jpg",
            "pose_matrix_c2w": [
                [
                    0.9755998849868774,
                    0.20573480427265167,
                    0.076668381690979,
                    1.2918201684951782
                ],
                [
                    0.21932770311832428,
                    -0.8973127603530884,
                    -0.3830471634864807,
                    1.3915048837661743
                ],
                [
                    -0.010010614059865475,
                    0.3905162513256073,
                    -0.9205415844917297,
                    -0.14980743825435638
                ],
                [
                    0.0,
                    0.0,
                    0.0,
                    1.0
                ]
            ]
        },
        {
            "file_path": "images/frame_00338.jpg",
            "pose_matrix_c2w": [
                [
                    0.975098729133606,
                    0.20769457519054413,
                    0.07775203883647919,
                    1.2876924276351929
                ],
                [
                    0.221461683511734,
                    -0.8934191465377808,
                    -0.39084139466285706,
                    1.3917639255523682
                ],
                [
                    -0.011710482649505138,
                    0.3983280658721924,
                    -0.9171682596206665,
                    0.006885735783725977
                ],
                [
                    0.0,
                    0.0,
                    0.0,
                    1.0
                ]
            ]
        },
        {
            "file_path": "images/frame_00337.jpg",
            "pose_matrix_c2w": [
                [
                    0.9742382168769836,
                    0.21094617247581482,
                    0.07975994795560837,
                    1.331742525100708
                ],
                [
                    0.22509001195430756,
                    -0.8876638412475586,
                    -0.4017304480075836,
                    1.379947304725647
                ],
                [
                    -0.013943478465080261,
                    0.40933433175086975,
                    -0.9122779369354248,
                    0.19876766204833984
                ],
                [
                    0.0,
                    0.0,
                    0.0,
                    1.0
                ]
            ]
        },
        {
            "file_path": "images/frame_00336.jpg",
            "pose_matrix_c2w": [
                [
                    0.9739462733268738,
                    0.21113894879817963,
                    0.08275876939296722,
                    1.3606369495391846
                ],
                [
                    0.22633354365825653,
                    -0.8821370005607605,
                    -0.41304659843444824,
                    1.3781147003173828
                ],
                [
                    -0.014205656945705414,
                    0.42101627588272095,
                    -0.906941831111908,
                    0.37246450781822205
                ],
                [
                    0.0,
                    0.0,
                    0.0,
                    1.0
                ]
            ]
        },
        {
            "file_path": "images/frame_00335.jpg",
            "pose_matrix_c2w": [
                [
                    0.9740307331085205,
                    0.20977234840393066,
                    0.08520369231700897,
                    1.4070110321044922
                ],
                [
                    0.22586554288864136,
                    -0.8740188479423523,
                    -0.4302043616771698,
                    1.420947551727295
                ],
                [
                    -0.015775347128510475,
                    0.43827685713768005,
                    -0.8987016081809998,
                    0.5378596782684326
                ],
                [
                    0.0,
                    0.0,
                    0.0,
                    1.0
                ]
            ]
        },
        {
            "file_path": "images/frame_00334.jpg",
            "pose_matrix_c2w": [
                [
                    0.9739295244216919,
                    0.20924556255340576,
                    0.08762198686599731,
                    1.4661606550216675
                ],
                [
                    0.22613200545310974,
                    -0.8647732734680176,
                    -0.44836536049842834,
                    1.4492028951644897
                ],
                [
                    -0.01804530993103981,
                    0.4564903974533081,
                    -0.8895453214645386,
                    0.6535621285438538
                ],
                [
                    0.0,
                    0.0,
                    0.0,
                    1.0
                ]
            ]
        },
        {
            "file_path": "images/frame_00333.jpg",
            "pose_matrix_c2w": [
                [
                    0.9734594225883484,
                    0.20928028225898743,
                    0.09262049198150635,
                    1.5330088138580322
                ],
                [
                    0.22793053090572357,
                    -0.8501308560371399,
                    -0.47468429803848267,
                    1.496303915977478
                ],
                [
                    -0.020602524280548096,
                    0.4831969439983368,
                    -0.8752692341804504,
                    0.8137101531028748
                ],
                [
