{
    "frames": [
        {
            "file_path": "images/frame_00277.jpg",
            "transform_matrix": [
                [
                    0.95998264599078,
                    -0.2111031669465805,
                    0.18404001964223604,
                    0.291529861396156
                ],
                [
                    0.22840838848524186,
                    0.20988380523668718,
                    -0.9506738704844017,
                    -0.12874653578992398
                ],
                [
                    0.16206444395475922,
                    0.9546656261186156,
                    0.24970157148312497,
                    0.35873462355854885
                ],
                [
                    0.0,
                    0.0,
                    0.0,
                    1.0
                ]
            ],
            "colmap_im_id": 27,
            "w": 1920,
            "h": 1080,
            "fl_x": 1576.8369402204241,
            "fl_y": 1815.8404541015625,
            "cx": 960.0,
            "cy": 540.0,
            "k1": 0.0,
            "k2": 0.0,
            "p1": 0.0,
            "p2": 0.0,
            "camera_model": "OPENCV"
        },
        {
            "file_path": "images/frame_00262.jpg",
            "transform_matrix": [
                [
                    0.833005359464177,
                    0.5381744335910702,
                    -0.12817910680612363,
                    0.02796310570136073
                ],
                [
                    -0.2952558699960463,
                    0.2364981497808572,
                    -0.9256752053205167,
                    -0.17470819451255998
                ],
                [
                    -0.46785208733697303,
                    0.8089441308698966,
                    0.3559178559657767,
                    0.45015168990787763
                ],
                [
                    0.0,
                    0.0,
                    0.0,
                    1.0
                ]
            ],
            "colmap_im_id": 26,
            "w": 1920,
            "h": 1080,
            "fl_x": 1563.058122907366,
            "fl_y": 1807.2887747628347,
            "cx": 960.0,
            "cy": 540.0,
            "k1": 0.0,
            "k2": 0.0,
            "p1": 0.0,
            "p2": 0.0,
            "camera_model": "OPENCV"
        },
        {
            "file_path": "images/frame_00236.jpg",
            "transform_matrix": [
                [
                    0.27588272697824456,
                    0.8257693377397811,
                    -0.49113556910540884,
                    -0.35781054471910645
                ],
                [
                    -0.7152474516830912,
                    -0.1649538439943608,
                    -0.6788708190901074,
                    0.26751013416081804
                ],
                [
                    -0.6415062191846114,
                    0.5388866318393359,
                    0.5455039326596812,
                    0.5152448860250441
                ],
                [
                    0.0,
                    0.0,
                    0.0,
                    1.0
                ]
            ],
            "colmap_im_id": 25,
            "w": 1920,
            "h": 1080,
            "fl_x": 1576.8369402204241,
            "fl_y": 1833.135027204241,
            "cx": 960.0,
            "cy": 540.0,
            "k1": 0.0,
            "k2": 0.0,
            "p1": 0.0,
            "p2": 0.0,
            "camera_model": "OPENCV"
        },
        {
            "file_path": "images/frame_00226.jpg",
            "transform_matrix": [
                [
                    -0.004717266829534951,
                    0.7666401622212281,
                    -0.6387843749153925,
                    -0.644352493521079
                ],
                [
                    -0.7184298977624942,
                    -0.447107364296908,
                    -0.5310323369609551,
                    0.5312700612948902
                ],
                [
                    -0.6925612593609406,
                    0.45836262382359994,
                    0.5549784100048459,
                    0.5092141108240223
                ],
                [
                    0.0,
                    0.0,
                    0.0,
                    1.0
                ]
            ],
            "colmap_im_id": 24,
            "w": 1920,
            "h": 1080,
            "fl_x": 1536.0190691266741,
            "fl_y": 1773.7008231026784,
            "cx": 960.0,
            "cy": 540.0,
            "k1": 0.0,
            "k2": 0.0,
            "p1": 0.0,
            "p2": 0.0,
            "camera_model": "OPENCV"
        },
        {
            "file_path": "images/frame_00217.jpg",
            "transform_matrix": [
                [
                    0.22303082967610985,
                    0.6292589657897174,
                    -0.7457402083759898,
                    -0.7549560941445446
                ],
                [
                    -0.7437129200770749,
                    -0.38512680878291083,
                    -0.5473930525163686,
                    0.47570781561204695
                ],
                [
                    -0.6316537001600167,
                    0.6756314418694057,
                    0.38118644774468763,
                    0.4124371007057491
                ],
                [
                    0.0,
                    0.0,
                    0.0,
                    1.0
                ]
            ],
            "colmap_im_id": 23,
            "w": 1920,
            "h": 1080,
            "fl_x": 1509.6475655691963,
            "fl_y": 1757.2681535993304,
            "cx": 960.0,
            "cy": 540.0,
            "k1": 0.0,
            "k2": 0.0,
            "p1": 0.0,
            "p2": 0.0,
            "camera_model": "OPENCV"
        },
        {
            "file_path": "images/frame_00205.jpg",
            "transform_matrix": [
                [
                    0.5243853185534919,
                    0.4996477467624703,
                    -0.6906617820107119,
                    -0.7027240196749405
                ],
                [
                    -0.6398838674915367,
                    -0.30475726754176063,
                    -0.7061768485200624,
                    0.20972014515366377
                ],
                [
                    -0.5632141724948861,
                    0.8112500146476744,
                    0.15910581028119197,
                    0.14256257862133048
                ],
                [
                    0.0,
                    0.0,
                    0.0,
                    1.0
                ]
            ],
            "colmap_im_id": 22,
            "w": 1920,
            "h": 1080,
            "fl_x": 1522.7516392299108,
            "fl_y": 1765.4549298967634,
            "cx": 960.0,
            "cy": 540.0,
            "k1": 0.0,
            "k2": 0.0,
            "p1": 0.0,
            "p2": 0.0,
            "camera_model": "OPENCV"
        },
        {
            "file_path": "images/frame_00196.jpg",
            "transform_matrix": [
                [
                    0.8991256096625958,
                    0.27665455547412765,
                    -0.33916501140011907,
                    -0.38718036222858604
                ],
                [
                    -0.3192281854015116,
                    -0.11563421625509307,
                    -0.9405958894871215,
                    -0.10457511728395537
                ],
                [
                    -0.29943949917786084,
                    0.9539862940025127,
                    -0.015652519465844814,
                    0.012083111836224883
                ],
                [
                    0.0,
                    0.0,
                    0.0,
                    1.0
                ]
            ],
            "colmap_im_id": 21,
            "w": 1920,
            "h": 1080,
            "fl_x": 1563.058122907366,
            "fl_y": 1824.4556971958705,
            "cx": 960.0,
            "cy": 540.0,
            "k1": 0.0,
            "k2": 0.0,
            "p1": 0.0,
            "p2": 0.0,
            "camera_model": "OPENCV"
        },
        {
            "file_path": "images/frame_00187.jpg",
            "transform_matrix": [
                [
                    0.9948434724623649,
                    -0.10129669875387778,
                    -0.0050407556555326066,
                    0.17986702966117643
                ],
                [
                    -0.004882318392504771,
                    0.0018119463370027625,
                    -0.9999864397709605,
                    -0.2683065453428406
                ],
                [
                    0.10130445875245005,
                    0.9948545928145969,
                    0.00130803854499175,
                    0.13905046628208342
                ],
                [
                    0.0,
                    0.0,
                    0.0,
                    1.0
                ]
            ],
            "colmap_im_id": 20,
            "w": 1920,
            "h": 1080,
            "fl_x": 1590.7938929966517,
            "fl_y": 1850.6896100725446,
            "cx": 960.0,
            "cy": 540.0,
            "k1": 0.0,
            "k2": 0.0,
            "p1": 0.0,
            "p2": 0.0,
            "camera_model": "OPENCV"
        },
        {
            "file_path": "images/frame_00178.jpg",
            "transform_matrix": [
                [
                    0.7462783712773255,
                    -0.470275841470617,
                    0.4712352483755956,
                    0.8056464951618264
                ],
                [
                    0.49132630393678184,
                    -0.08857788176385221,
                    -0.8665062896263239,
                    -0.04975433410750029
                ],
                [
                    0.44924435382353683,
                    0.8781049514373284,
                    0.1648784969798689,
                    0.3858186762744029
                ],
                [
                    0.0,
                    0.0,
                    0.0,
                    1.0
                ]
            ],
            "colmap_im_id": 19,
            "w": 1920,
            "h": 1080,
            "fl_x": 1604.9326433454241,
            "fl_y": 1859.5663016183034,
            "cx": 960.0,
            "cy": 540.0,
            "k1": 0.0,
            "k2": 0.0,
            "p1": 0.0,
            "p2": 0.0,
            "camera_model": "OPENCV"
        },
        {
            "file_path": "images/frame_00168.jpg",
            "transform_matrix": [
                [
                    0.17784992090205184,
                    -0.5665348928483837,
                    0.8041440416087862,
                    0.9869438853972591
                ],
                [
                    0.7284147119904919,
                    -0.47348813943857904,
                    -0.49472610888435653,
                    0.43454760597375064
                ],
                [
                    0.6610759652456378,
                    0.6742002917824615,
                    0.32883334864074426,
                    0.46018359028622075
                ],
                [
                    0.0,
                    0.0,
                    0.0,
                    1.0
                ]
            ],
            "colmap_im_id": 18,
            "w": 1920,
            "h": 1080,
            "fl_x": 1549.453386579241,
            "fl_y": 1790.3724452427455,
            "cx": 960.0,
            "cy": 540.0,
            "k1": 0.0,
            "k2": 0.0,
            "p1": 0.0,
            "p2": 0.0,
            "camera_model": "OPENCV"
        },
        {
            "file_path": "images/frame_00159.jpg",
            "transform_matrix": [
                [
                    -0.1411425015114082,
                    -0.7233501730861635,
                    0.6737868072929379,
                    0.8605200506690818
                ],
                [
                    0.605117198816215,
                    -0.602081526612763,
                    -0.5197399367584684,
                    0.33774640851121535
                ],
                [
                    0.7817015480876387,
                    0.3355595494388651,
                    0.524099539505166,
                    0.6862243938468778
                ],
                [
                    0.0,
                    0.0,
                    0.0,
                    1.0
                ]
            ],
            "colmap_im_id": 17,
            "w": 1920,
            "h": 1080,
            "fl_x": 1522.7516392299108,
            "fl_y": 1741.0689435686384,
            "cx": 960.0,
            "cy": 540.0,
            "k1": 0.0,
            "k2": 0.0,
            "p1": 0.0,
            "p2": 0.0,
            "camera_model": "OPENCV"
        },
        {
            "file_path": "images/frame_00150.jpg",
            "transform_matrix": [
                [
                    -0.7496326775857381,
                    -0.4747296647062331,
                    0.4627463254433276,
                    0.5781607251985595
                ],
                [
                    0.30239194047945184,
                    -0.8661432063404007,
                    -0.3985649706087594,
                    0.5167288519623674
                ],
                [
                    0.5899673979098052,
                    -0.1593409197024482,
                    0.7921557787741348,
                    0.9935817787574716
                ],
                [
                    0.0,
                    0.0,
                    0.0,
                    1.0
                ]
            ],
            "colmap_im_id": 16,
            "w": 1920,
            "h": 1080,
            "fl_x": 1536.0190691266741,
            "fl_y": 1765.4549298967634,
            "cx": 960.0,
            "cy": 540.0,
            "k1": 0.0,
            "k2": 0.0,
            "p1": 0.0,
            "p2": 0.0,
            "camera_model": "OPENCV"
        },
        {
            "file_path": "images/frame_00141.jpg",
            "transform_matrix": [
                [
                    -0.9955631742666238,
                    -0.08327275460849595,
                    0.11535636320967385,
                    0.3343755071844255
                ],
                [
                    0.062242106691584746,
                    -0.9853798994822429,
                    -0.1728366184336081,
                    0.711226090260118
                ],
                [
                    0.1279349926628456,
                    -0.1696064294571118,
                    0.9805817332665745,
                    1.0437377984418228
                ],
                [
                    0.0,
                    0.0,
                    0.0,
                    1.0
                ]
            ],
            "colmap_im_id": 15,
            "w": 1920,
            "h": 1080,
            "fl_x": 1648.480747767857,
            "fl_y": 1877.522670200893,
            "cx": 960.0,
            "cy": 540.0,
            "k1": 0.0,
            "k2": 0.0,
            "p1": 0.0,
            "p2": 0.0,
            "camera_model": "OPENCV"
        },
        {
            "file_path": "images/frame_00128.jpg",
            "transform_matrix": [
                [
                    -1.0000948257344577,
                    0.08747190967769373,
                    0.04202503738736387,
                    0.14523784470396603
                ],
                [
                    -0.08966798054884552,
                    -0.9969373613392062,
                    -0.05130719002968651,
                    0.9060568568639984
                ],
                [
                    0.03710919042991646,
                    -0.05961750161369656,
                    1.0000791695672286,
                    1.0808395582361305
                ],
                [
                    0.0,
                    0.0,
                    0.0,
                    1.0
                ]
            ],
            "colmap_im_id": 14,
            "w": 1920,
            "h": 1080,
            "fl_x": 1619.257114955357,
            "fl_y": 1859.5663016183034,
            "cx": 960.0,
            "cy": 540.0,
            "k1": 0.0,
            "k2": 0.0,
            "p1": 0.0,
            "p2": 0.0,
            "camera_model": "OPENCV"
        },
        {
            "file_path": "images/frame_00001.jpg",
            "transform_matrix": [
                [
                    0.9999999857490133,
                    -0.00015831793507476542,
                    5.86293808732864e-05,
                    0.00023938639345240302
                ],
                [
                    5.8672560044682386e-05,
                    0.0002727462119763819,
                    -0.9999999610835166,
                    0.00018879811333628413
                ],
                [
                    0.0001583019379721097,
                    0.9999999502724666,
                    0.0002727554970079933,
                    -0.00015927721357105113
                ],
                [
                    0.0,
                    0.0,
                    0.0,
                    1.0
                ]
            ],
            "colmap_im_id": 1,
            "w": 1920,
            "h": 1080,
            "fl_x": 1604.9326433454241,
            "fl_y": 1868.510219029018,
            "cx": 960.0,
            "cy": 540.0,
            "k1": 0.0,
            "k2": 0.0,
            "p1": 0.0,
            "p2": 0.0,
            "camera_model": "OPENCV"
        },
        {
            "file_path": "images/frame_00019.jpg",
            "transform_matrix": [
                [
                    0.6378964313906662,
                    -0.45063829022929525,
                    0.6246916291721056,
                    0.7173024155704633
                ],
                [
                    0.6225406646979134,
                    -0.17597467846334355,
                    -0.7626430419135288,
                    0.2512099150547067
                ],
                [
                    0.453605137731003,
                    0.8752348466713882,
                    0.16817947290052235,
                    0.205549328203804
                ],
                [
                    0.0,
                    0.0,
                    0.0,
                    1.0
                ]
            ],
            "colmap_im_id": 2,
            "w": 1920,
            "h": 1080,
            "fl_x": 1619.257114955357,
            "fl_y": 1868.510219029018,
            "cx": 960.0,
            "cy": 540.0,
            "k1": 0.0,
            "k2": 0.0,
            "p1": 0.0,
            "p2": 0.0,
            "camera_model": "OPENCV"
        },
        {
            "file_path": "images/frame_00028.jpg",
            "transform_matrix": [
                [
                    0.2283523570206758,
                    -0.5739710917357572,
                    0.7867500314403907,
                    0.8166722350179655
                ],
                [
                    0.7429692082398607,
                    -0.4196413857521182,
                    -0.521772863059545,
                    0.5396380101955015
                ],
                [
                    0.6296151060189292,
                    0.7033312388467196,
                    0.33034304148425425,
                    0.3271742737390372
                ],
                [
                    0.0,
                    0.0,
                    0.0,
                    1.0
                ]
            ],
            "colmap_im_id": 3,
            "w": 1920,
            "h": 1080,
            "fl_x": 1563.058122907366,
            "fl_y": 1807.2887747628347,
            "cx": 960.0,
            "cy": 540.0,
            "k1": 0.0,
            "k2": 0.0,
            "p1": 0.0,
            "p2": 0.0,
            "camera_model": "OPENCV"
        },
        {
            "file_path": "images/frame_00037.jpg",
            "transform_matrix": [
                [
                    -0.045203984252122464,
                    -0.6287399504597059,
                    0.7756244302387559,
                    0.8818281488465184
                ],
                [
                    0.7103568212469381,
                    -0.56610135729578,
                    -0.4175375781396696,
                    0.6307497770026214
                ],
                [
                    0.7016411964780958,
                    0.5326782539317205,
                    0.47274126479606565,
                    0.4804631711833364
                ],
                [
                    0.0,
                    0.0,
                    0.0,
                    1.0
                ]
            ],
            "colmap_im_id": 4,
            "w": 1920,
            "h": 1080,
            "fl_x": 1496.7037091936384,
            "fl_y": 1725.0975690569196,
            "cx": 960.0,
            "cy": 540.0,
            "k1": 0.0,
            "k2": 0.0,
            "p1": 0.0,
            "p2": 0.0,
            "camera_model": "OPENCV"
        },
        {
            "file_path": "images/frame_00046.jpg",
            "transform_matrix": [
                [
                    0.5162569618234739,
                    -0.6112818535886164,
                    0.5996494638106517,
                    0.821218922223837
                ],
                [
                    0.6628450981266258,
                    -0.15808442342916018,
                    -0.7317896420451667,
                    0.1423115195639539
                ],
                [
                    0.5421082547468177,
                    0.7753936233315162,
                    0.3236894029668319,
                    0.47751688119301355
                ],
                [
                    0.0,
                    0.0,
                    0.0,
                    1.0
                ]
            ],
            "colmap_im_id": 5,
            "w": 1920,
            "h": 1080,
            "fl_x": 1633.7718854631696,
            "fl_y": 1877.522670200893,
            "cx": 960.0,
            "cy": 540.0,
            "k1": 0.0,
            "k2": 0.0,
            "p1": 0.0,
            "p2": 0.0,
            "camera_model": "OPENCV"
        },
        {
            "file_path": "images/frame_00055.jpg",
            "transform_matrix": [
                [
                    0.8116097911888641,
                    -0.4356646914594014,
                    0.3893145898710582,
                    0.5277060185491881
                ],
                [
                    0.4587494107785769,
                    0.0625632862055581,
                    -0.8863876549267914,
                    -0.14910083938316004
                ],
                [
                    0.36182668693891873,
                    0.8979562679060237,
                    0.2505979584594809,
                    0.34416935922695224
                ],
                [
                    0.0,
                    0.0,
                    0.0,
                    1.0
                ]
            ],
            "colmap_im_id": 6,
            "w": 1920,
            "h": 1080,
            "fl_x": 1590.7938929966517,
            "fl_y": 1841.879359654018,
            "cx": 960.0,
            "cy": 540.0,
            "k1": 0.0,
            "k2": 0.0,
            "p1": 0.0,
            "p2": 0.0,
            "camera_model": "OPENCV"
        },
        {
            "file_path": "images/frame_00064.jpg",
            "transform_matrix": [
                [
                    0.9914839074488316,
                    -0.09462219234118874,
                    0.08948082786908311,
                    0.14781832869397368
                ],
                [
                    0.09462219234118871,
                    0.05131560570325449,
                    -0.9941899726675987,
                    -0.23353454665094456
                ],
                [
                    0.08948082786908312,
                    0.9941899726675988,
                    0.059831698254422944,
                    0.02784156223976378
                ],
                [
                    0.0,
                    0.0,
                    0.0,
                    1.0
                ]
            ],
            "colmap_im_id": 7,
            "w": 1920,
            "h": 1080,
            "fl_x": 1549.453386579241,
            "fl_y": 1782.0064871651784,
            "cx": 960.0,
            "cy": 540.0,
            "k1": 0.0,
            "k2": 0.0,
            "p1": 0.0,
            "p2": 0.0,
            "camera_model": "OPENCV"
        },
        {
            "file_path": "images/frame_00073.jpg",
            "transform_matrix": [
                [
                    0.969618923692342,
                    0.1547331212762819,
                    -0.18947665052850146,
                    -0.22141447210955
                ],
                [
                    -0.18358194690397167,
                    -0.05167014840953673,
                    -0.9816469027222661,
                    -0.166902033608309
                ],
                [
                    -0.1616830500898216,
                    0.9866052319779199,
                    -0.021696413763946223,
                    -0.05716134105275763
                ],
                [
                    0.0,
                    0.0,
                    0.0,
                    1.0
                ]
            ],
            "colmap_im_id": 8,
            "w": 1920,
            "h": 1080,
            "fl_x": 1536.0190691266741,
            "fl_y": 1790.3724452427455,
            "cx": 960.0,
            "cy": 540.0,
            "k1": 0.0,
            "k2": 0.0,
            "p1": 0.0,
            "p2": 0.0,
            "camera_model": "OPENCV"
        },
        {
            "file_path": "images/frame_00082.jpg",
            "transform_matrix": [
                [
                    0.9999476916732906,
                    0.009592038042882365,
                    -0.0035505703495864655,
                    0.07752674149423358
                ],
                [
                    -0.0025991804536246296,
                    -0.09743680769652803,
                    -0.9952383116423497,
                    -0.29925185124749965
                ],
                [
                    -0.009892320485758674,
                    0.9951954809803727,
                    -0.09740677945252746,
                    0.06710028599764246
                ],
                [
                    0.0,
                    0.0,
                    0.0,
                    1.0
                ]
            ],
            "colmap_im_id": 9,
            "w": 1920,
            "h": 1080,
            "fl_x": 1590.7938929966517,
            "fl_y": 1850.6896100725446,
            "cx": 960.0,
            "cy": 540.0,
            "k1": 0.0,
            "k2": 0.0,
            "p1": 0.0,
            "p2": 0.0,
            "camera_model": "OPENCV"
        },
        {
            "file_path": "images/frame_00091.jpg",
            "transform_matrix": [
                [
                    0.6994847840960219,
                    -0.48591357761781057,
                    0.5242240054382231,
                    0.6514616331234213
                ],
                [
                    0.5502665047317646,
                    -0.10200817425588346,
                    -0.8288039894244916,
                    -0.09840521631696444
                ],
                [
                    0.45621221658491456,
                    0.8680846156195533,
                    0.19592877779192538,
                    0.35307997292355514
                ],
                [
                    0.0,
                    0.0,
                    0.0,
                    1.0
                ]
            ],
            "colmap_im_id": 10,
            "w": 1920,
            "h": 1080,
            "fl_x": 1604.9326433454241,
            "fl_y": 1850.6896100725446,
            "cx": 960.0,
            "cy": 540.0,
            "k1": 0.0,
            "k2": 0.0,
            "p1": 0.0,
            "p2": 0.0,
            "camera_model": "OPENCV"
        },
        {
            "file_path": "images/frame_00100.jpg",
            "transform_matrix": [
                [
                    0.10783332486539204,
                    -0.48016608680760037,
                    0.8722338146871259,
                    0.9575253711580117
                ],
                [
                    0.7701891177334074,
                    -0.5152578764538019,
                    -0.3786725768581209,
                    0.47857271418563563
                ],
                [
                    0.6309992245073008,
                    0.7105746718126468,
                    0.312873982361893,
                    0.3760260582738201
                ],
                [
                    0.0,
                    0.0,
                    0.0,
                    1.0
                ]
            ],
            "colmap_im_id": 11,
            "w": 1920,
            "h": 1080,
            "fl_x": 1549.453386579241,
            "fl_y": 1782.0064871651784,
            "cx": 960.0,
            "cy": 540.0,
            "k1": 0.0,
            "k2": 0.0,
            "p1": 0.0,
            "p2": 0.0,
            "camera_model": "OPENCV"
        },
        {
            "file_path": "images/frame_00110.jpg",
            "transform_matrix": [
                [
                    -0.27573112968715147,
                    -0.5181596208899621,
                    0.8055315294802936,
                    0.9234029812706334
                ],
                [
                    0.6527422957037837,
                    -0.7164953647322372,
                    -0.23794591641304702,
                    0.7859504838124264
                ],
                [
                    0.7009264819558787,
                    0.46408148226783735,
                    0.5390334565651431,
                    0.5724440089568703
                ],
                [
                    0.0,
                    0.0,
                    0.0,
                    1.0
                ]
            ],
            "colmap_im_id": 12,
            "w": 1920,
            "h": 1080,
            "fl_x": 1536.0190691266741,
            "fl_y": 1757.2681535993304,
            "cx": 960.0,
            "cy": 540.0,
            "k1": 0.0,
            "k2": 0.0,
            "p1": 0.0,
            "p2": 0.0,
            "camera_model": "OPENCV"
        },
        {
            "file_path": "images/frame_00119.jpg",
            "transform_matrix": [
                [
                    -0.8424036990556055,
                    -0.2665862032399837,
                    0.4570543960894419,
                    0.620493378451005
                ],
                [
                    0.2991427017032884,
                    -0.9512518270538141,
                    -0.004456617336720224,
                    1.0063927347744153
                ],
                [
                    0.43644079639769207,
                    0.13854280506573283,
                    0.8862661414444748,
                    0.9064465302163673
                ],
                [
                    0.0,
                    0.0,
                    0.0,
                    1.0
                ]
            ],
            "colmap_im_id": 13,
            "w": 1920,
            "h": 1080,
            "fl_x": 1496.7037091936384,
            "fl_y": 1725.0975690569196,
            "cx": 960.0,
            "cy": 540.0,
            "k1": 0.0,
            "k2": 0.0,
            "p1": 0.0,
            "p2": 0.0,
            "camera_model": "OPENCV"
        }
    ],
    "applied_transform": [
        [
            1.0,
            0.0,
            0.0,
            0.0
        ],
        [
            0.0,
            0.0,
            1.0,
            0.0
        ],
        [
            -0.0,
            -1.0,
            -0.0,
            -0.0
        ]
    ],
    "ply_file_path": "sparse_pc.ply"
}