{
    "frames": [
        {
            "file_path": "images/frame_00277.jpg",
            "transform_matrix": [
                [
                    0.954792974054676,
                    -0.2181833457986168,
                    0.20193687803389995,
                    0.3481810220495386
                ],
                [
                    0.24827998394162423,
                    0.21161803977387456,
                    -0.9452986269487658,
                    -0.2890345384485267
                ],
                [
                    0.16352224517754096,
                    0.9526943334034699,
                    0.2562160074501828,
                    0.4125085480062959
                ],
                [
                    0.0,
                    0.0,
                    0.0,
                    1.0
                ]
            ],
            "colmap_im_id": 25,
            "w": 1920,
            "h": 1080,
            "fl_x": 1693.8176618303569,
            "fl_y": 2617.2284807477677,
            "cx": 960.0,
            "cy": 540.0,
            "k1": 0.0,
            "k2": 0.0,
            "p1": 0.0,
            "p2": 0.0,
            "camera_model": "OPENCV"
        },
        {
            "file_path": "images/frame_00252.jpg",
            "transform_matrix": [
                [
                    0.56769779319857,
                    0.7764988524100087,
                    -0.2721043428324437,
                    -0.17070685544608352
                ],
                [
                    -0.5835971379946806,
                    0.1465142279244125,
                    -0.7985040092444531,
                    -0.202447167287975
                ],
                [
                    -0.5800048462786791,
                    0.612315500950319,
                    0.5366668101080903,
                    0.6890864796805681
                ],
                [
                    0.0,
                    0.0,
                    0.0,
                    1.0
                ]
            ],
            "colmap_im_id": 24,
            "w": 1920,
            "h": 1080,
            "fl_x": 1590.793805803571,
            "fl_y": 2481.422642299107,
            "cx": 960.0,
            "cy": 540.0,
            "k1": 0.0,
            "k2": 0.0,
            "p1": 0.0,
            "p2": 0.0,
            "camera_model": "OPENCV"
        },
        {
            "file_path": "images/frame_00233.jpg",
            "transform_matrix": [
                [
                    0.21942931503304114,
                    0.7651004050311047,
                    -0.6060238139044114,
                    -0.5209314519841572
                ],
                [
                    -0.7580434265697892,
                    -0.25742130468485624,
                    -0.5995924229188029,
                    0.3029185819072368
                ],
                [
                    -0.614828151789052,
                    0.590568746634685,
                    0.5230972200767965,
                    0.5470047900942941
                ],
                [
                    0.0,
                    0.0,
                    0.0,
                    1.0
                ]
            ],
            "colmap_im_id": 23,
            "w": 1920,
            "h": 1080,
            "fl_x": 1678.4990583147319,
            "fl_y": 2601.5011160714284,
            "cx": 960.0,
            "cy": 540.0,
            "k1": 0.0,
            "k2": 0.0,
            "p1": 0.0,
            "p2": 0.0,
            "camera_model": "OPENCV"
        },
        {
            "file_path": "images/frame_00223.jpg",
            "transform_matrix": [
                [
                    0.15953589271639937,
                    0.7084879027977963,
                    -0.6871201818986657,
                    -0.7270896583343283
                ],
                [
                    -0.7084879027977963,
                    -0.40249128173974597,
                    -0.5794963229227273,
                    0.37631413422701404
                ],
                [
                    -0.6871201818986659,
                    0.5794963229227273,
                    0.4379728255438543,
                    0.4091665188103437
                ],
                [
                    0.0,
                    0.0,
                    0.0,
                    1.0
                ]
            ],
            "colmap_im_id": 22,
            "w": 1920,
            "h": 1080,
            "fl_x": 1563.0580357142856,
            "fl_y": 2424.9523925781245,
            "cx": 960.0,
            "cy": 540.0,
            "k1": 0.0,
            "k2": 0.0,
            "p1": 0.0,
            "p2": 0.0,
            "camera_model": "OPENCV"
        },
        {
            "file_path": "images/frame_00212.jpg",
            "transform_matrix": [
                [
                    0.2802675485901856,
                    0.5350643718716045,
                    -0.7967823739749834,
                    -0.7681135370862184
                ],
                [
                    -0.7244066259015776,
                    -0.4266321655873324,
                    -0.5413248844646422,
                    0.3404506069218208
                ],
                [
                    -0.6295959608141216,
                    0.729095622916399,
                    0.26817496692762877,
                    0.2835712892818842
                ],
                [
                    0.0,
                    0.0,
                    0.0,
                    1.0
                ]
            ],
            "colmap_im_id": 21,
            "w": 1920,
            "h": 1080,
            "fl_x": 1483.9163643973213,
            "fl_y": 2305.6874302455353,
            "cx": 960.0,
            "cy": 540.0,
            "k1": 0.0,
            "k2": 0.0,
            "p1": 0.0,
            "p2": 0.0,
            "camera_model": "OPENCV"
        },
        {
            "file_path": "images/frame_00201.jpg",
            "transform_matrix": [
                [
                    0.7275272316959982,
                    0.3678865785503303,
                    -0.5792141750778148,
                    -0.5498520500325896
                ],
                [
                    -0.5521146806481751,
                    -0.18738099973893593,
                    -0.8124925130238062,
                    0.01662279085765695
                ],
                [
                    -0.4074297174989881,
                    0.9108177056279912,
                    0.06673229382634821,
                    0.08395119535002395
                ],
                [
                    0.0,
                    0.0,
                    0.0,
                    1.0
                ]
            ],
            "colmap_im_id": 20,
            "w": 1920,
            "h": 1080,
            "fl_x": 1446.463187081473,
            "fl_y": 2255.8579799107138,
            "cx": 960.0,
            "cy": 540.0,
            "k1": 0.0,
            "k2": 0.0,
            "p1": 0.0,
            "p2": 0.0,
            "camera_model": "OPENCV"
        },
        {
            "file_path": "images/frame_00191.jpg",
            "transform_matrix": [
                [
                    0.9640261429336237,
                    0.08796063990627707,
                    -0.2508354807929988,
                    -0.161721600840739
                ],
                [
                    -0.2456984262161,
                    -0.06521367613079788,
                    -0.9671510792766251,
                    -0.17217397990957162
                ],
                [
                    -0.1014287728029293,
                    0.9939871340548915,
                    -0.041256536147695276,
                    -0.022406424993745573
                ],
                [
                    0.0,
                    0.0,
                    0.0,
                    1.0
                ]
            ],
            "colmap_im_id": 19,
            "w": 1920,
            "h": 1080,
            "fl_x": 1471.2826102120534,
            "fl_y": 2293.055943080357,
            "cx": 960.0,
            "cy": 540.0,
            "k1": 0.0,
            "k2": 0.0,
            "p1": 0.0,
            "p2": 0.0,
            "camera_model": "OPENCV"
        },
        {
            "file_path": "images/frame_00181.jpg",
            "transform_matrix": [
                [
                    0.8036867579423194,
                    -0.43433619382814614,
                    0.406828702623816,
                    0.737297872430434
                ],
                [
                    0.4492360398007526,
                    -0.0055604177339194,
                    -0.8934170512727525,
                    -0.3216975826506742
                ],
                [
                    0.39031333962834897,
                    0.9007532983540312,
                    0.19061569825872612,
                    0.4435013751650568
                ],
                [
                    0.0,
                    0.0,
                    0.0,
                    1.0
                ]
            ],
            "colmap_im_id": 18,
            "w": 1920,
            "h": 1080,
            "fl_x": 1709.3486676897319,
            "fl_y": 2649.1913713727677,
            "cx": 960.0,
            "cy": 540.0,
            "k1": 0.0,
            "k2": 0.0,
            "p1": 0.0,
            "p2": 0.0,
            "camera_model": "OPENCV"
        },
        {
            "file_path": "images/frame_00171.jpg",
            "transform_matrix": [
                [
                    0.20135211328196329,
                    -0.5034861887806615,
                    0.8425785757960361,
                    1.0553027748332904
                ],
                [
                    0.7495394464020432,
                    -0.4757756893665873,
                    -0.4631449739216128,
                    0.45900645794512024
                ],
                [
                    0.633740969932252,
                    0.7221659101544895,
                    0.27970204131263665,
                    0.4398741910404441
                ],
                [
                    0.0,
                    0.0,
                    0.0,
                    1.0
                ]
            ],
            "colmap_im_id": 17,
            "w": 1920,
            "h": 1080,
            "fl_x": 1522.7516392299106,
            "fl_y": 2357.4225725446427,
            "cx": 960.0,
            "cy": 540.0,
            "k1": 0.0,
            "k2": 0.0,
            "p1": 0.0,
            "p2": 0.0,
            "camera_model": "OPENCV"
        },
        {
            "file_path": "images/frame_00161.jpg",
            "transform_matrix": [
                [
                    -0.012049339501273125,
                    -0.5769422552127216,
                    0.8181283449388563,
                    1.0995507429087392
                ],
                [
                    0.6896880292735568,
                    -0.5973606172614581,
                    -0.41091806041542545,
                    0.44799907398006283
                ],
                [
                    0.7256216486014533,
                    0.5579611599864849,
                    0.40394962060365974,
                    0.6122095795941705
                ],
                [
                    0.0,
                    0.0,
                    0.0,
                    1.0
                ]
            ],
            "colmap_im_id": 16,
            "w": 1920,
            "h": 1080,
            "fl_x": 1604.9325125558034,
            "fl_y": 2481.422642299107,
            "cx": 960.0,
            "cy": 540.0,
            "k1": 0.0,
            "k2": 0.0,
            "p1": 0.0,
            "p2": 0.0,
            "camera_model": "OPENCV"
        },
        {
            "file_path": "images/frame_00151.jpg",
            "transform_matrix": [
                [
                    -0.6788692909821046,
                    -0.4439349260506315,
                    0.5746602360220582,
                    0.6826220677822991
                ],
                [
                    0.34703729114618304,
                    -0.8920666720387825,
                    -0.2805625472965849,
                    0.6303673106795873
                ],
                [
                    0.6378696763339881,
                    0.013936281299838508,
                    0.765495553183362,
                    1.022317130497183
                ],
                [
                    0.0,
                    0.0,
                    0.0,
                    1.0
                ]
            ],
            "colmap_im_id": 15,
            "w": 1920,
            "h": 1080,
            "fl_x": 1549.4532993861606,
            "fl_y": 2370.6678989955353,
            "cx": 960.0,
            "cy": 540.0,
            "k1": 0.0,
            "k2": 0.0,
            "p1": 0.0,
            "p2": 0.0,
            "camera_model": "OPENCV"
        },
        {
            "file_path": "images/frame_00141.jpg",
            "transform_matrix": [
                [
                    -0.9616522439729149,
                    -0.05452619983630446,
                    0.2814623761867256,
                    0.4465691573430547
                ],
                [
                    0.04897557656923049,
                    -1.0002209596458977,
                    -0.02496885694108348,
                    0.8662579574967267
                ],
                [
                    0.28248109419389084,
                    -0.013642594194391417,
                    0.9610512504578366,
                    1.0859734746257723
                ],
                [
                    0.0,
                    0.0,
                    0.0,
                    1.0
                ]
            ],
            "colmap_im_id": 14,
            "w": 1920,
            "h": 1080,
            "fl_x": 1725.097481863839,
            "fl_y": 2633.124128069196,
            "cx": 960.0,
            "cy": 540.0,
            "k1": 0.0,
            "k2": 0.0,
            "p1": 0.0,
            "p2": 0.0,
            "camera_model": "OPENCV"
        },
        {
            "file_path": "images/frame_00001.jpg",
            "transform_matrix": [
                [
                    0.9999971175564977,
                    -9.59374097618744e-05,
                    -0.002399098750643489,
                    0.0003769578396201963
                ],
                [
                    -0.0023991226512272753,
                    -0.0002497926515843272,
                    -0.9999970909028898,
                    -0.0003097779392743489
                ],
                [
                    9.53378534433167e-05,
                    0.9999999641998223,
                    -0.0002500220971797644,
                    -0.0004711563450662946
                ],
                [
                    0.0,
                    0.0,
                    0.0,
                    1.0
                ]
            ],
            "colmap_im_id": 1,
            "w": 1920,
            "h": 1080,
            "fl_x": 1509.6475655691963,
            "fl_y": 2357.4225725446427,
            "cx": 960.0,
            "cy": 540.0,
            "k1": 0.0,
            "k2": 0.0,
            "p1": 0.0,
            "p2": 0.0,
            "camera_model": "OPENCV"
        },
        {
            "file_path": "images/frame_00019.jpg",
            "transform_matrix": [
                [
                    0.5709962164147198,
                    -0.42926353616576013,
                    0.6999085076593329,
                    0.7999044309607054
                ],
                [
                    0.6816235019321671,
                    -0.2274197152248887,
                    -0.6955533192703099,
                    0.268384606514091
                ],
                [
                    0.4577428363056881,
                    0.8741079299311487,
                    0.16266040134380064,
                    0.21569119091213385
                ],
                [
                    0.0,
                    0.0,
                    0.0,
                    1.0
                ]
            ],
            "colmap_im_id": 2,
            "w": 1920,
            "h": 1080,
            "fl_x": 1648.4807477678569,
            "fl_y": 2585.939243861607,
            "cx": 960.0,
            "cy": 540.0,
            "k1": 0.0,
            "k2": 0.0,
            "p1": 0.0,
            "p2": 0.0,
            "camera_model": "OPENCV"
        },
        {
            "file_path": "images/frame_00029.jpg",
            "transform_matrix": [
                [
                    0.05033295722051585,
                    -0.4761830625856125,
                    0.879072365244801,
                    0.930763931974791
                ],
                [
                    0.7551407942418259,
                    -0.5583677144174715,
                    -0.34554587376137863,
                    0.6648547464153548
                ],
                [
                    0.6551953245424808,
                    0.6798286390324271,
                    0.3305206503304712,
                    0.3630599425123125
                ],
                [
                    0.0,
                    0.0,
                    0.0,
                    1.0
                ]
            ],
            "colmap_im_id": 3,
            "w": 1920,
            "h": 1080,
            "fl_x": 1693.8176618303569,
            "fl_y": 2649.1913713727677,
            "cx": 960.0,
            "cy": 540.0,
            "k1": 0.0,
            "k2": 0.0,
            "p1": 0.0,
            "p2": 0.0,
            "camera_model": "OPENCV"
        },
        {
            "file_path": "images/frame_00039.jpg",
            "transform_matrix": [
                [
                    -0.0008687394535526545,
                    -0.546557609362906,
                    0.8389507922084642,
                    1.0033116837070557
                ],
                [
                    0.737653359805771,
                    -0.5671404931920795,
                    -0.36856077287441347,
                    0.6459378359099588
                ],
                [
                    0.6770754558149061,
                    0.6169342949437304,
                    0.4024206586442686,
                    0.5237750589619714
                ],
                [
                    0.0,
                    0.0,
                    0.0,
                    1.0
                ]
            ],
            "colmap_im_id": 4,
            "w": 1920,
            "h": 1080,
            "fl_x": 1648.4807477678569,
            "fl_y": 2585.939243861607,
            "cx": 960.0,
            "cy": 540.0,
            "k1": 0.0,
            "k2": 0.0,
            "p1": 0.0,
            "p2": 0.0,
            "camera_model": "OPENCV"
        },
        {
            "file_path": "images/frame_00049.jpg",
            "transform_matrix": [
                [
                    0.5797225996946046,
                    -0.5337321784377208,
                    0.6158617820711904,
                    0.9360455805197705
                ],
                [
                    0.6691028716594843,
                    -0.11966801667893395,
                    -0.7335729646028205,
                    -0.06918849637018554
                ],
                [
                    0.46524952450573104,
                    0.8371978243298329,
                    0.2876340599840983,
                    0.4951965393455482
                ],
                [
                    0.0,
                    0.0,
                    0.0,
                    1.0
                ]
            ],
            "colmap_im_id": 5,
            "w": 1920,
            "h": 1080,
            "fl_x": 1757.2682407924106,
            "fl_y": 2732.199009486607,
            "cx": 960.0,
            "cy": 540.0,
            "k1": 0.0,
            "k2": 0.0,
            "p1": 0.0,
            "p2": 0.0,
            "camera_model": "OPENCV"
        },
        {
            "file_path": "images/frame_00058.jpg",
            "transform_matrix": [
                [
                    0.8891476940309436,
                    -0.3242424998774173,
                    0.3228013313214961,
                    0.5291144672620306
                ],
                [
                    0.37130802672993035,
                    0.09908282780425257,
                    -0.9231770047801021,
                    -0.3670997929869653
                ],
                [
                    0.26732797742775194,
                    0.9407472069054176,
                    0.20853382933431094,
                    0.32796355031831925
                ],
                [
                    0.0,
                    0.0,
                    0.0,
                    1.0
                ]
            ],
            "colmap_im_id": 6,
            "w": 1920,
            "h": 1080,
            "fl_x": 1709.3486676897319,
            "fl_y": 2665.432477678571,
            "cx": 960.0,
            "cy": 540.0,
            "k1": 0.0,
            "k2": 0.0,
            "p1": 0.0,
            "p2": 0.0,
            "camera_model": "OPENCV"
        },
        {
            "file_path": "images/frame_00068.jpg",
            "transform_matrix": [
                [
                    0.9989397598511116,
                    0.044472801654434534,
                    -0.011896480014323885,
                    0.01727256802783893
                ],
                [
                    -0.011589794283475827,
                    -0.007147532564989793,
                    -0.9999072904317253,
                    -0.253834823029765
                ],
                [
                    -0.04455370907334869,
                    0.9989850263245145,
                    -0.006624523874941569,
                    -0.04535309374082128
                ],
                [
                    0.0,
                    0.0,
                    0.0,
                    1.0
                ]
            ],
            "colmap_im_id": 7,
            "w": 1920,
            "h": 1080,
            "fl_x": 1509.6475655691963,
            "fl_y": 2344.3036760602677,
            "cx": 960.0,
            "cy": 540.0,
            "k1": 0.0,
            "k2": 0.0,
            "p1": 0.0,
            "p2": 0.0,
            "camera_model": "OPENCV"
        },
        {
            "file_path": "images/frame_00078.jpg",
            "transform_matrix": [
                [
                    0.939955212214597,
                    0.19226753375463873,
                    -0.2819983394880281,
                    -0.28081167195128
                ],
                [
                    -0.2694446472458079,
                    -0.08913776928528312,
                    -0.958883685361336,
                    -0.14978261560020958
                ],
                [
                    -0.20949809087597532,
                    0.9772869578308149,
                    -0.0319827511100765,
                    0.004860544871185971
                ],
                [
                    0.0,
                    0.0,
                    0.0,
                    1.0
                ]
            ],
            "colmap_im_id": 8,
            "w": 1920,
            "h": 1080,
            "fl_x": 1446.463187081473,
            "fl_y": 2243.685651506696,
            "cx": 960.0,
            "cy": 540.0,
            "k1": 0.0,
            "k2": 0.0,
            "p1": 0.0,
            "p2": 0.0,
            "camera_model": "OPENCV"
        },
        {
            "file_path": "images/frame_00088.jpg",
            "transform_matrix": [
                [
                    0.8614156420674665,
                    -0.33571033008921836,
                    0.3811071849661611,
                    0.5723751244539647
                ],
                [
                    0.39675285435418833,
                    -0.023655577082820678,
                    -0.9176144633503895,
                    -0.3692359342270633
                ],
                [
                    0.31706668813239886,
                    0.9416639521034429,
                    0.11282609331393749,
                    0.36071413890934856
                ],
                [
                    0.0,
                    0.0,
                    0.0,
                    1.0
                ]
            ],
            "colmap_im_id": 9,
            "w": 1920,
            "h": 1080,
            "fl_x": 1709.3486676897319,
            "fl_y": 2649.1913713727677,
            "cx": 960.0,
            "cy": 540.0,
            "k1": 0.0,
            "k2": 0.0,
            "p1": 0.0,
            "p2": 0.0,
            "camera_model": "OPENCV"
        },
        {
            "file_path": "images/frame_00097.jpg",
            "transform_matrix": [
                [
                    0.21438966851153773,
                    -0.4937132007610071,
                    0.8422202706414371,
                    0.9631055722406262
                ],
                [
                    0.7717720933509858,
                    -0.44253994140496916,
                    -0.45592626263935165,
                    0.42315577881155636
                ],
                [
                    0.597875860701577,
                    0.7483993799959722,
                    0.28659863840350047,
                    0.34861494867171317
                ],
                [
                    0.0,
                    0.0,
                    0.0,
                    1.0
                ]
            ],
            "colmap_im_id": 10,
            "w": 1920,
            "h": 1080,
            "fl_x": 1509.6475655691963,
            "fl_y": 2344.3036760602677,
            "cx": 960.0,
            "cy": 540.0,
            "k1": 0.0,
            "k2": 0.0,
            "p1": 0.0,
            "p2": 0.0,
            "camera_model": "OPENCV"
        },
        {
            "file_path": "images/frame_00108.jpg",
            "transform_matrix": [
                [
                    -0.12338203723070222,
                    -0.40851410043893216,
                    0.903678447300845,
                    0.9979364164723734
                ],
                [
                    0.6715188340715296,
                    -0.7047338774544989,
                    -0.22703915609051514,
                    0.7873427746668377
                ],
                [
                    0.7297814480107794,
                    0.5796512177447741,
                    0.36187379903603534,
                    0.44924627114510624
                ],
                [
                    0.0,
                    0.0,
                    0.0,
                    1.0
                ]
            ],
            "colmap_im_id": 11,
            "w": 1920,
            "h": 1080,
            "fl_x": 1509.6475655691963,
            "fl_y": 2344.3036760602677,
            "cx": 960.0,
            "cy": 540.0,
            "k1": 0.0,
            "k2": 0.0,
            "p1": 0.0,
            "p2": 0.0,
            "camera_model": "OPENCV"
        },
        {
            "file_path": "images/frame_00118.jpg",
            "transform_matrix": [
                [
                    -0.755552218818195,
                    -0.24448083817258828,
                    0.6097896092079078,
                    0.7125909498353745
                ],
                [
                    0.3412717425211727,
                    -0.9396012772917747,
                    0.046447613850890725,
                    1.0501894111572307
                ],
                [
                    0.5613803037941986,
                    0.24175783187966132,
                    0.7921323090455527,
                    0.8333336631236637
                ],
                [
                    0.0,
                    0.0,
                    0.0,
                    1.0
                ]
            ],
            "colmap_im_id": 12,
            "w": 1920,
            "h": 1080,
            "fl_x": 1458.7991768973213,
            "fl_y": 2231.6237095424103,
            "cx": 960.0,
            "cy": 540.0,
            "k1": 0.0,
            "k2": 0.0,
            "p1": 0.0,
            "p2": 0.0,
            "camera_model": "OPENCV"
        },
        {
            "file_path": "images/frame_00128.jpg",
            "transform_matrix": [
                [
                    -0.9817321677443056,
                    0.06642271472375871,
                    0.17193266011532862,
                    0.24581951411534572
                ],
                [
                    -0.060797767535084896,
                    -0.9968714403593245,
                    0.03720579197315383,
                    0.9701345086982345
                ],
                [
                    0.17400128766292713,
                    0.02722380452555725,
                    0.9838130907479282,
                    0.9980081139134153
                ],
                [
                    0.0,
                    0.0,
                    0.0,
                    1.0
                ]
            ],
            "colmap_im_id": 13,
            "w": 1920,
            "h": 1080,
            "fl_x": 1509.6475655691963,
            "fl_y": 2293.055943080357,
            "cx": 960.0,
            "cy": 540.0,
            "k1": 0.0,
            "k2": 0.0,
            "p1": 0.0,
            "p2": 0.0,
            "camera_model": "OPENCV"
        }
    ],
    "applied_transform": [
        [
            1.0,
            0.0,
            0.0,
            0.0
        ],
        [
            0.0,
            0.0,
            1.0,
            0.0
        ],
        [
            -0.0,
            -1.0,
            -0.0,
            -0.0
        ]
    ],
    "ply_file_path": "sparse_pc.ply"
}