{
    "camera_model": "OPENCV",
    "w": 0,
    "h": 0,
    "fl_x": 0,
    "fl_y": 0,
    "frames": [
        {
            "file_path": "images/frame_00277.jpg",
            "pose_matrix_c2w": [
                [
                    0.9599826335906982,
                    -0.2111031711101532,
                    0.18404002487659454,
                    0.2915298640727997
                ],
                [
                    0.22840838134288788,
                    0.20988380908966064,
                    -0.9506738781929016,
                    -0.12874653935432434
                ],
                [
                    0.16206444799900055,
                    0.9546656012535095,
                    0.2497015744447708,
                    0.3587346374988556
                ],
                [
                    0.0,
                    0.0,
                    0.0,
                    1.0
                ]
            ]
        },
        {
            "file_path": "images/frame_00262.jpg",
            "pose_matrix_c2w": [
                [
                    0.8330053687095642,
                    0.5381744503974915,
                    -0.12817910313606262,
                    0.027963105589151382
                ],
                [
                    -0.2952558696269989,
                    0.2364981472492218,
                    -0.9256752133369446,
                    -0.17470818758010864
                ],
                [
                    -0.46785208582878113,
                    0.8089441061019897,
                    0.3559178411960602,
                    0.4501516819000244
                ],
                [
                    0.0,
                    0.0,
                    0.0,
                    1.0
                ]
            ]
        },
        {
            "file_path": "images/frame_00236.jpg",
            "pose_matrix_c2w": [
                [
                    0.2758827209472656,
                    0.8257693648338318,
                    -0.4911355674266815,
                    -0.3578105568885803
                ],
                [
                    -0.7152474522590637,
                    -0.16495384275913239,
                    -0.6788707971572876,
                    0.26751014590263367
                ],
                [
                    -0.6415061950683594,
                    0.5388866066932678,
                    0.5455039143562317,
                    0.5152449011802673
                ],
                [
                    0.0,
                    0.0,
                    0.0,
                    1.0
                ]
            ]
        },
        {
            "file_path": "images/frame_00226.jpg",
            "pose_matrix_c2w": [
                [
                    -0.0047172666527330875,
                    0.7666401863098145,
                    -0.6387843489646912,
                    -0.6443524956703186
                ],
                [
                    -0.7184299230575562,
                    -0.44710737466812134,
                    -0.5310323238372803,
                    0.5312700867652893
                ],
                [
                    -0.6925612688064575,
                    0.4583626091480255,
                    0.5549784302711487,
                    0.5092141032218933
                ],
                [
                    0.0,
                    0.0,
                    0.0,
                    1.0
                ]
            ]
        },
        {
            "file_path": "images/frame_00217.jpg",
            "pose_matrix_c2w": [
                [
                    0.22303083539009094,
                    0.6292589902877808,
                    -0.7457402348518372,
                    -0.754956066608429
                ],
                [
                    -0.7437129020690918,
                    -0.3851267993450165,
                    -0.5473930239677429,
                    0.4757078289985657
                ],
                [
                    -0.6316537261009216,
                    0.6756314635276794,
                    0.38118645548820496,
                    0.4124371111392975
                ],
                [
                    0.0,
                    0.0,
                    0.0,
                    1.0
                ]
            ]
        },
        {
            "file_path": "images/frame_00205.jpg",
            "pose_matrix_c2w": [
                [
                    0.5243853330612183,
                    0.49964773654937744,
                    -0.6906617879867554,
                    -0.702724039554596
                ],
                [
                    -0.6398838758468628,
                    -0.3047572672367096,
                    -0.7061768770217896,
                    0.20972014963626862
                ],
                [
                    -0.5632141828536987,
                    0.8112500309944153,
                    0.1591058075428009,
                    0.14256258308887482
                ],
                [
                    0.0,
                    0.0,
                    0.0,
                    1.0
                ]
            ]
        },
        {
            "file_path": "images/frame_00196.jpg",
            "pose_matrix_c2w": [
                [
                    0.8991256356239319,
                    0.27665454149246216,
                    -0.33916500210762024,
                    -0.387180358171463
                ],
                [
                    -0.3192281723022461,
                    -0.11563421785831451,
                    -0.9405958652496338,
                    -0.10457511991262436
                ],
                [
                    -0.2994394898414612,
                    0.9539862871170044,
                    -0.015652518719434738,
                    0.012083112262189388
                ],
                [
                    0.0,
                    0.0,
                    0.0,
                    1.0
                ]
            ]
        },
        {
            "file_path": "images/frame_00187.jpg",
            "pose_matrix_c2w": [
                [
                    0.9948434829711914,
                    -0.10129670053720474,
                    -0.005040755495429039,
                    0.17986702919006348
                ],
                [
                    -0.0048823184333741665,
                    0.0018119463929906487,
                    -0.9999864101409912,
                    -0.26830655336380005
                ],
                [
                    0.10130445659160614,
                    0.9948545694351196,
                    0.0013080385979264975,
                    0.1390504688024521
                ],
                [
                    0.0,
                    0.0,
                    0.0,
                    1.0
                ]
            ]
        },
        {
            "file_path": "images/frame_00178.jpg",
            "pose_matrix_c2w": [
                [
                    0.7462783455848694,
                    -0.4702758491039276,
                    0.4712352454662323,
                    0.8056464791297913
                ],
                [
                    0.49132630228996277,
                    -0.08857788145542145,
                    -0.8665062785148621,
                    -0.04975433275103569
                ],
                [
                    0.44924435019493103,
                    0.8781049251556396,
                    0.1648785024881363,
                    0.3858186900615692
                ],
                [
                    0.0,
                    0.0,
                    0.0,
                    1.0
                ]
            ]
        },
        {
            "file_path": "images/frame_00168.jpg",
            "pose_matrix_c2w": [
                [
                    0.1778499186038971,
                    -0.5665348768234253,
                    0.804144024848938,
                    0.9869439005851746
                ],
                [
                    0.7284147143363953,
                    -0.4734881520271301,
                    -0.49472612142562866,
                    0.4345476031303406
                ],
                [
                    0.6610759496688843,
                    0.6742002964019775,
                    0.32883334159851074,
                    0.46018359065055847
                ],
                [
                    0.0,
                    0.0,
                    0.0,
                    1.0
                ]
            ]
        },
        {
            "file_path": "images/frame_00159.jpg",
            "pose_matrix_c2w": [
                [
                    -0.14114250242710114,
                    -0.7233501672744751,
                    0.6737868189811707,
                    0.86052006483078
                ],
                [
                    0.6051172018051147,
                    -0.6020815372467041,
                    -0.5197399258613586,
                    0.33774641156196594
                ],
                [
                    0.7817015647888184,
                    0.33555954694747925,
                    0.5240995287895203,
                    0.6862244009971619
                ],
                [
                    0.0,
                    0.0,
                    0.0,
                    1.0
                ]
            ]
        },
        {
            "file_path": "images/frame_00150.jpg",
            "pose_matrix_c2w": [
                [
                    -0.7496326565742493,
                    -0.47472965717315674,
                    0.4627463221549988,
                    0.5781607031822205
                ],
                [
                    0.3023919463157654,
                    -0.8661432266235352,
                    -0.3985649645328522,
                    0.5167288780212402
                ],
                [
                    0.5899673700332642,
                    -0.15934091806411743,
                    0.7921558022499084,
                    0.9935817718505859
                ],
                [
                    0.0,
                    0.0,
                    0.0,
                    1.0
                ]
            ]
        },
        {
            "file_path": "images/frame_00141.jpg",
            "pose_matrix_c2w": [
                [
                    -0.9955631494522095,
                    -0.08327275514602661,
                    0.11535636335611343,
                    0.3343755006790161
                ],
                [
                    0.06224210560321808,
                    -0.9853798747062683,
                    -0.17283661663532257,
                    0.7112261056900024
                ],
                [
                    0.127934992313385,
                    -0.16960643231868744,
                    0.9805817604064941,
                    1.043737769126892
                ],
                [
                    0.0,
                    0.0,
                    0.0,
                    1.0
                ]
            ]
        },
        {
            "file_path": "images/frame_00128.jpg",
            "pose_matrix_c2w": [
                [
                    -1.0000947713851929,
                    0.08747190982103348,
                    0.04202503710985184,
                    0.14523784816265106
                ],
                [
                    -0.08966798335313797,
                    -0.9969373345375061,
                    -0.05130719020962715,
                    0.9060568809509277
                ],
                [
                    0.03710918873548508,
                    -0.05961750075221062,
                    1.0000791549682617,
                    1.0808395147323608
                ],
                [
                    0.0,
                    0.0,
                    0.0,
                    1.0
                ]
            ]
        },
        {
            "file_path": "images/frame_00001.jpg",
            "pose_matrix_c2w": [
                [
                    1.0,
                    -0.0001583179400768131,
                    5.8629379054764286e-05,
                    0.00023938639787957072
                ],
                [
                    5.8672561863204464e-05,
                    0.0002727461978793144,
                    -0.9999999403953552,
                    0.0001887981197796762
                ],
                [
                    0.0001583019329700619,
                    0.9999999403953552,
                    0.0002727555111050606,
                    -0.00015927721688058227
                ],
                [
                    0.0,
                    0.0,
                    0.0,
                    1.0
                ]
            ]
        },
        {
            "file_path": "images/frame_00019.jpg",
            "pose_matrix_c2w": [
                [
                    0.6378964185714722,
                    -0.4506382942199707,
                    0.6246916055679321,
                    0.7173024415969849
                ],
                [
                    0.6225406527519226,
                    -0.17597468197345734,
                    -0.762643039226532,
                    0.25120991468429565
                ],
                [
                    0.45360514521598816,
                    0.875234842300415,
                    0.1681794673204422,
                    0.20554932951927185
                ],
                [
                    0.0,
                    0.0,
                    0.0,
                    1.0
                ]
            ]
        },
        {
            "file_path": "images/frame_00028.jpg",
            "pose_matrix_c2w": [
                [
                    0.228352352976799,
                    -0.5739710927009583,
                    0.7867500185966492,
                    0.8166722059249878
                ],
                [
                    0.7429692149162292,
                    -0.419641375541687,
                    -0.5217728614807129,
                    0.5396379828453064
                ],
                [
                    0.6296151280403137,
                    0.7033312320709229,
                    0.3303430378437042,
                    0.32717427611351013
                ],
                [
                    0.0,
                    0.0,
                    0.0,
                    1.0
                ]
            ]
        },
        {
            "file_path": "images/frame_00037.jpg",
            "pose_matrix_c2w": [
                [
                    -0.045203983783721924,
                    -0.6287399530410767,
                    0.7756244540214539,
                    0.8818281292915344
                ],
                [
                    0.7103568315505981,
                    -0.5661013722419739,
                    -0.4175375699996948,
                    0.6307497620582581
                ],
                [
                    0.7016412019729614,
                    0.5326782464981079,
                    0.4727412760257721,
                    0.4804631769657135
                ],
                [
                    0.0,
                    0.0,
                    0.0,
                    1.0
                ]
            ]
        },
        {
            "file_path": "images/frame_00046.jpg",
            "pose_matrix_c2w": [
                [
                    0.5162569880485535,
                    -0.6112818717956543,
                    0.5996494889259338,
                    0.8212189078330994
                ],
                [
                    0.6628450751304626,
                    -0.1580844223499298,
                    -0.7317896485328674,
                    0.14231151342391968
                ],
                [
                    0.5421082377433777,
                    0.7753936052322388,
                    0.32368940114974976,
                    0.47751688957214355
                ],
                [
                    0.0,
                    0.0,
                    0.0,
                    1.0
                ]
            ]
        },
        {
            "file_path": "images/frame_00055.jpg",
            "pose_matrix_c2w": [
                [
                    0.8116098046302795,
                    -0.43566468358039856,
                    0.38931459188461304,
                    0.5277060270309448
                ],
                [
                    0.4587494134902954,
                    0.06256328523159027,
                    -0.8863876461982727,
                    -0.14910084009170532
                ],
                [
                    0.36182668805122375,
                    0.8979562520980835,
                    0.2505979537963867,
                    0.34416934847831726
                ],
                [
                    0.0,
                    0.0,
                    0.0,
                    1.0
                ]
            ]
        },
        {
            "file_path": "images/frame_00064.jpg",
            "pose_matrix_c2w": [
                [
                    0.9914839267730713,
                    -0.09462219476699829,
                    0.08948082476854324,
                    0.14781832695007324
                ],
                [
                    0.09462219476699829,
                    0.05131560564041138,
                    -0.994189977645874,
                    -0.2335345447063446
                ],
                [
                    0.08948082476854324,
                    0.994189977645874,
                    0.05983169749379158,
                    0.027841562405228615
                ],
                [
                    0.0,
                    0.0,
                    0.0,
                    1.0
                ]
            ]
        },
        {
            "file_path": "images/frame_00073.jpg",
            "pose_matrix_c2w": [
                [
                    0.9696189165115356,
                    0.15473312139511108,
                    -0.18947665393352509,
                    -0.2214144766330719
                ],
                [
                    -0.18358194828033447,
                    -0.051670148968696594,
                    -0.9816468954086304,
                    -0.16690203547477722
                ],
                [
                    -0.16168305277824402,
                    0.9866052269935608,
                    -0.021696412935853004,
                    -0.05716134235262871
                ],
                [
                    0.0,
                    0.0,
                    0.0,
                    1.0
                ]
            ]
        },
        {
            "file_path": "images/frame_00082.jpg",
            "pose_matrix_c2w": [
                [
                    0.9999476671218872,
                    0.00959203764796257,
                    -0.003550570458173752,
                    0.07752674072980881
                ],
                [
                    -0.00259918044321239,
                    -0.0974368080496788,
                    -0.9952383041381836,
                    -0.29925185441970825
                ],
                [
                    -0.00989232026040554,
                    0.9951955080032349,
                    -0.0974067822098732,
                    0.06710028648376465
                ],
                [
                    0.0,
                    0.0,
                    0.0,
                    1.0
                ]
            ]
        },
        {
            "file_path": "images/frame_00091.jpg",
            "pose_matrix_c2w": [
                [
                    0.6994847655296326,
                    -0.48591357469558716,
                    0.5242239832878113,
                    0.651461660861969
                ],
                [
                    0.5502665042877197,
                    -0.10200817137956619,
                    -0.8288040161132812,
                    -0.09840521961450577
                ],
                [
                    0.45621222257614136,
                    0.8680846095085144,
                    0.19592878222465515,
                    0.35307997465133667
                ],
                [
                    0.0,
                    0.0,
                    0.0,
                    1.0
                ]
            ]
        },
        {
            "file_path": "images/frame_00100.jpg",
            "pose_matrix_c2w": [
                [
                    0.10783332586288452,
                    -0.48016607761383057,
                    0.8722338080406189,
                    0.957525372505188
                ],
                [
                    0.770189106464386,
                    -0.5152578949928284,
                    -0.3786725699901581,
                    0.4785727262496948
                ],
                [
                    0.6309992074966431,
                    0.7105746865272522,
                    0.3128739893436432,
                    0.37602606415748596
                ],
                [
                    0.0,
                    0.0,
                    0.0,
                    1.0
                ]
            ]
        },
        {
            "file_path": "images/frame_00110.jpg",
            "pose_matrix_c2w": [
                [
                    -0.2757311165332794,
                    -0.5181596279144287,
                    0.8055315017700195,
                    0.9234029650688171
                ],
                [
                    0.6527422666549683,
                    -0.7164953351020813,
                    -0.23794591426849365,
                    0.7859504818916321
                ],
                [
                    0.7009264826774597,
                    0.4640814960002899,
                    0.5390334725379944,
                    0.5724440217018127
                ],
                [
                    0.0,
                    0.0,
                    0.0,
                    1.0
                ]
            ]
        },
        {
            "file_path": "images/frame_00119.jpg",
            "pose_matrix_c2w": [
                [
                    -0.8424037098884583,
                    -0.26658621430397034,
                    0.45705440640449524,
                    0.6204933524131775
                ],
                [
                    0.2991426885128021,
                    -0.9512518048286438,
                    -0.004456617403775454,
                    1.0063927173614502
                ],
                [
                    0.4364407956600189,
                    0.1385428011417389,
                    0.8862661123275757,
                    0.9064465165138245
                ],
                [
                    0.0,
                    0.0,
                    0.0,
                    1.0
                ]
            ]
        }
    ]
}