{
    "camera_model": "OPENCV",
    "w": 0,
    "h": 0,
    "fl_x": 0,
    "fl_y": 0,
    "frames": [
        {
            "file_path": "images/frame_00277.jpg",
            "pose_matrix_c2w": [
                [
                    0.9547929763793945,
                    -0.21818333864212036,
                    0.20193687081336975,
                    0.34818100929260254
                ],
                [
                    0.24827998876571655,
                    0.21161803603172302,
                    -0.9452986121177673,
                    -0.28903454542160034
                ],
                [
                    0.16352224349975586,
                    0.9526943564414978,
                    0.25621601939201355,
                    0.4125085473060608
                ],
                [
                    0.0,
                    0.0,
                    0.0,
                    1.0
                ]
            ]
        },
        {
            "file_path": "images/frame_00252.jpg",
            "pose_matrix_c2w": [
                [
                    0.5676977634429932,
                    0.7764988541603088,
                    -0.2721043527126312,
                    -0.1707068532705307
                ],
                [
                    -0.5835971236228943,
                    0.14651422202587128,
                    -0.7985039949417114,
                    -0.20244716107845306
                ],
                [
                    -0.580004870891571,
                    0.6123154759407043,
                    0.5366668105125427,
                    0.6890864968299866
                ],
                [
                    0.0,
                    0.0,
                    0.0,
                    1.0
                ]
            ]
        },
        {
            "file_path": "images/frame_00233.jpg",
            "pose_matrix_c2w": [
                [
                    0.21942931413650513,
                    0.7651004195213318,
                    -0.6060237884521484,
                    -0.5209314227104187
                ],
                [
                    -0.7580434083938599,
                    -0.2574213147163391,
                    -0.5995924472808838,
                    0.30291858315467834
                ],
                [
                    -0.6148281693458557,
                    0.5905687212944031,
                    0.5230972170829773,
                    0.5470048189163208
                ],
                [
                    0.0,
                    0.0,
                    0.0,
                    1.0
                ]
            ]
        },
        {
            "file_path": "images/frame_00223.jpg",
            "pose_matrix_c2w": [
                [
                    0.15953589975833893,
                    0.7084879279136658,
                    -0.6871201992034912,
                    -0.7270896434783936
                ],
                [
                    -0.7084879279136658,
                    -0.4024912714958191,
                    -0.5794963240623474,
                    0.3763141334056854
                ],
                [
                    -0.6871201992034912,
                    0.5794963240623474,
                    0.4379728138446808,
                    0.40916651487350464
                ],
                [
                    0.0,
                    0.0,
                    0.0,
                    1.0
                ]
            ]
        },
        {
            "file_path": "images/frame_00212.jpg",
            "pose_matrix_c2w": [
                [
                    0.28026753664016724,
                    0.5350643992424011,
                    -0.796782374382019,
                    -0.7681135535240173
                ],
                [
                    -0.7244065999984741,
                    -0.4266321659088135,
                    -0.5413249135017395,
                    0.34045061469078064
                ],
                [
                    -0.629595935344696,
                    0.7290956377983093,
                    0.2681749761104584,
                    0.2835713028907776
                ],
                [
                    0.0,
                    0.0,
                    0.0,
                    1.0
                ]
            ]
        },
        {
            "file_path": "images/frame_00201.jpg",
            "pose_matrix_c2w": [
                [
                    0.7275272607803345,
                    0.36788657307624817,
                    -0.5792141556739807,
                    -0.5498520731925964
                ],
                [
                    -0.5521146655082703,
                    -0.18738099932670593,
                    -0.8124924898147583,
                    0.016622791066765785
                ],
                [
                    -0.4074297249317169,
                    0.9108176827430725,
                    0.06673229485750198,
                    0.0839511975646019
                ],
                [
                    0.0,
                    0.0,
                    0.0,
                    1.0
                ]
            ]
        },
        {
            "file_path": "images/frame_00191.jpg",
            "pose_matrix_c2w": [
                [
                    0.964026153087616,
                    0.0879606381058693,
                    -0.25083547830581665,
                    -0.1617216020822525
                ],
                [
                    -0.24569842219352722,
                    -0.06521367281675339,
                    -0.9671511054039001,
                    -0.17217397689819336
                ],
                [
                    -0.10142876952886581,
                    0.9939871430397034,
                    -0.041256535798311234,
                    -0.022406425327062607
                ],
                [
                    0.0,
                    0.0,
                    0.0,
                    1.0
                ]
            ]
        },
        {
            "file_path": "images/frame_00181.jpg",
            "pose_matrix_c2w": [
                [
                    0.8036867380142212,
                    -0.43433618545532227,
                    0.40682870149612427,
                    0.7372978925704956
                ],
                [
                    0.44923603534698486,
                    -0.0055604176595807076,
                    -0.8934170603752136,
                    -0.3216975927352905
                ],
                [
                    0.3903133273124695,
                    0.9007533192634583,
                    0.1906156986951828,
                    0.44350138306617737
                ],
                [
                    0.0,
                    0.0,
                    0.0,
                    1.0
                ]
            ]
        },
        {
            "file_path": "images/frame_00171.jpg",
            "pose_matrix_c2w": [
                [
                    0.20135211944580078,
                    -0.5034862160682678,
                    0.8425785899162292,
                    1.0553027391433716
                ],
                [
                    0.7495394349098206,
                    -0.47577568888664246,
                    -0.463144987821579,
                    0.4590064585208893
                ],
                [
                    0.6337409615516663,
                    0.7221658825874329,
                    0.2797020375728607,
                    0.43987420201301575
                ],
                [
                    0.0,
                    0.0,
                    0.0,
                    1.0
                ]
            ]
        },
        {
            "file_path": "images/frame_00161.jpg",
            "pose_matrix_c2w": [
                [
                    -0.012049339711666107,
                    -0.5769422650337219,
                    0.8181283473968506,
                    1.099550724029541
                ],
                [
                    0.6896880269050598,
                    -0.5973606109619141,
                    -0.41091805696487427,
                    0.4479990601539612
                ],
                [
                    0.7256216406822205,
                    0.5579611659049988,
                    0.4039496183395386,
                    0.6122095584869385
                ],
                [
                    0.0,
                    0.0,
                    0.0,
                    1.0
                ]
            ]
        },
        {
            "file_path": "images/frame_00151.jpg",
            "pose_matrix_c2w": [
                [
                    -0.6788693070411682,
                    -0.44393491744995117,
                    0.5746602416038513,
                    0.6826220750808716
                ],
                [
                    0.34703728556632996,
                    -0.8920666575431824,
                    -0.28056254982948303,
                    0.6303673386573792
                ],
                [
                    0.637869656085968,
                    0.013936281204223633,
                    0.7654955387115479,
                    1.0223171710968018
                ],
                [
                    0.0,
                    0.0,
                    0.0,
                    1.0
                ]
            ]
        },
        {
            "file_path": "images/frame_00141.jpg",
            "pose_matrix_c2w": [
                [
                    -0.9616522192955017,
                    -0.0545261986553669,
                    0.2814623713493347,
                    0.44656914472579956
                ],
                [
                    0.04897557571530342,
                    -1.0002210140228271,
                    -0.024968856945633888,
                    0.8662579655647278
                ],
                [
                    0.2824811041355133,
                    -0.01364259421825409,
                    0.9610512256622314,
                    1.0859735012054443
                ],
                [
                    0.0,
                    0.0,
                    0.0,
                    1.0
                ]
            ]
        },
        {
            "file_path": "images/frame_00001.jpg",
            "pose_matrix_c2w": [
                [
                    0.9999971389770508,
                    -9.593740833224729e-05,
                    -0.002399098826572299,
                    0.00037695784703828394
                ],
                [
                    -0.0023991225752979517,
                    -0.0002497926470823586,
                    -0.999997079372406,
                    -0.00030977794085629284
                ],
                [
                    9.533785487292334e-05,
                    0.9999999403953552,
                    -0.0002500221016816795,
                    -0.0004711563524324447
                ],
                [
                    0.0,
                    0.0,
                    0.0,
                    1.0
                ]
            ]
        },
        {
            "file_path": "images/frame_00019.jpg",
            "pose_matrix_c2w": [
                [
                    0.5709962248802185,
                    -0.42926353216171265,
                    0.6999084949493408,
                    0.7999044060707092
                ],
                [
                    0.6816235184669495,
                    -0.22741971909999847,
                    -0.6955533027648926,
                    0.2683846056461334
                ],
                [
                    0.457742840051651,
                    0.8741079568862915,
                    0.1626604050397873,
                    0.2156911939382553
                ],
                [
                    0.0,
                    0.0,
                    0.0,
                    1.0
                ]
            ]
        },
        {
            "file_path": "images/frame_00029.jpg",
            "pose_matrix_c2w": [
                [
                    0.05033295601606369,
                    -0.47618305683135986,
                    0.879072368144989,
                    0.9307639598846436
                ],
                [
                    0.7551407814025879,
                    -0.5583677291870117,
                    -0.3455458879470825,
                    0.6648547649383545
                ],
                [
                    0.6551952958106995,
                    0.6798286437988281,
                    0.3305206596851349,
                    0.363059937953949
                ],
                [
                    0.0,
                    0.0,
                    0.0,
                    1.0
                ]
            ]
        },
        {
            "file_path": "images/frame_00039.jpg",
            "pose_matrix_c2w": [
                [
                    -0.0008687394438311458,
                    -0.546557605266571,
                    0.8389508128166199,
                    1.0033116340637207
                ],
                [
                    0.737653374671936,
                    -0.567140519618988,
                    -0.3685607612133026,
                    0.6459378600120544
                ],
                [
                    0.6770754456520081,
                    0.6169342994689941,
                    0.40242066979408264,
                    0.523775041103363
                ],
                [
                    0.0,
                    0.0,
                    0.0,
                    1.0
                ]
            ]
        },
        {
            "file_path": "images/frame_00049.jpg",
            "pose_matrix_c2w": [
                [
                    0.5797225832939148,
                    -0.5337321758270264,
                    0.6158617734909058,
                    0.9360455870628357
                ],
                [
                    0.6691028475761414,
                    -0.11966801434755325,
                    -0.7335729598999023,
                    -0.06918849796056747
                ],
                [
                    0.46524953842163086,
                    0.8371978402137756,
                    0.28763407468795776,
                    0.49519655108451843
                ],
                [
                    0.0,
                    0.0,
                    0.0,
                    1.0
                ]
            ]
        },
        {
            "file_path": "images/frame_00058.jpg",
            "pose_matrix_c2w": [
                [
                    0.8891476988792419,
                    -0.324242502450943,
                    0.3228013217449188,
                    0.5291144847869873
                ],
                [
                    0.37130802869796753,
                    0.0990828275680542,
                    -0.9231770038604736,
                    -0.367099791765213
                ],
                [
                    0.2673279643058777,
                    0.9407472014427185,
                    0.20853382349014282,
                    0.32796356081962585
                ],
                [
                    0.0,
                    0.0,
                    0.0,
                    1.0
                ]
            ]
        },
        {
            "file_path": "images/frame_00068.jpg",
            "pose_matrix_c2w": [
                [
                    0.9989397525787354,
                    0.04447280243039131,
                    -0.01189647987484932,
                    0.017272567376494408
                ],
                [
                    -0.011589794419705868,
                    -0.007147532422095537,
                    -0.9999073147773743,
                    -0.2538348138332367
                ],
                [
                    -0.04455370828509331,
                    0.9989850521087646,
                    -0.006624524015933275,
                    -0.04535309225320816
                ],
                [
                    0.0,
                    0.0,
                    0.0,
                    1.0
                ]
            ]
        },
        {
            "file_path": "images/frame_00078.jpg",
            "pose_matrix_c2w": [
                [
                    0.9399552345275879,
                    0.1922675371170044,
                    -0.28199833631515503,
                    -0.2808116674423218
                ],
                [
                    -0.26944464445114136,
                    -0.08913777023553848,
                    -0.9588837027549744,
                    -0.14978261291980743
                ],
                [
                    -0.2094980925321579,
                    0.9772869348526001,
                    -0.031982749700546265,
                    0.004860545042902231
                ],
                [
                    0.0,
                    0.0,
                    0.0,
                    1.0
                ]
            ]
        },
        {
            "file_path": "images/frame_00088.jpg",
            "pose_matrix_c2w": [
                [
                    0.8614156246185303,
                    -0.3357103168964386,
                    0.3811071813106537,
                    0.5723751187324524
                ],
                [
                    0.39675286412239075,
                    -0.02365557663142681,
                    -0.9176144599914551,
                    -0.36923593282699585
                ],
                [
                    0.3170666992664337,
                    0.9416639804840088,
                    0.11282609403133392,
                    0.3607141375541687
                ],
                [
                    0.0,
                    0.0,
                    0.0,
                    1.0
                ]
            ]
        },
        {
            "file_path": "images/frame_00097.jpg",
            "pose_matrix_c2w": [
                [
                    0.21438966691493988,
                    -0.4937132000923157,
                    0.8422202467918396,
                    0.9631055593490601
                ],
                [
                    0.7717720866203308,
                    -0.44253993034362793,
                    -0.4559262692928314,
                    0.4231557846069336
                ],
                [
                    0.5978758335113525,
                    0.7483993768692017,
                    0.28659865260124207,
                    0.34861496090888977
                ],
                [
                    0.0,
                    0.0,
                    0.0,
                    1.0
                ]
            ]
        },
        {
            "file_path": "images/frame_00108.jpg",
            "pose_matrix_c2w": [
                [
                    -0.12338203936815262,
                    -0.4085141122341156,
                    0.9036784768104553,
                    0.9979364275932312
                ],
                [
                    0.671518862247467,
                    -0.7047338485717773,
                    -0.2270391583442688,
                    0.7873427867889404
                ],
                [
                    0.729781448841095,
                    0.5796512365341187,
                    0.3618738055229187,
                    0.44924625754356384
                ],
                [
                    0.0,
                    0.0,
                    0.0,
                    1.0
                ]
            ]
        },
        {
            "file_path": "images/frame_00118.jpg",
            "pose_matrix_c2w": [
                [
                    -0.7555522322654724,
                    -0.24448083341121674,
                    0.6097896099090576,
                    0.7125909328460693
                ],
                [
                    0.3412717282772064,
                    -0.9396013021469116,
                    0.04644761234521866,
                    1.0501893758773804
                ],
                [
                    0.5613803267478943,
                    0.2417578250169754,
                    0.7921323180198669,
                    0.8333336710929871
                ],
                [
                    0.0,
                    0.0,
                    0.0,
                    1.0
                ]
            ]
        },
        {
            "file_path": "images/frame_00128.jpg",
            "pose_matrix_c2w": [
                [
                    -0.981732189655304,
                    0.0664227157831192,
                    0.1719326674938202,
                    0.24581950902938843
                ],
                [
                    -0.06079776585102081,
                    -0.9968714118003845,
                    0.03720579296350479,
                    0.9701344966888428
                ],
                [
                    0.1740012913942337,
                    0.027223804965615273,
                    0.9838131070137024,
                    0.998008131980896
                ],
                [
                    0.0,
                    0.0,
                    0.0,
                    1.0
                ]
            ]
        }
    ]
}