{
    "w": 1080,
    "h": 1920,
    "fl_x": 1697.2122865040992,
    "fl_y": 1696.7894516913295,
    "cx": 540.0,
    "cy": 960.0,
    "k1": -0.011448615503826106,
    "k2": -0.0004935308931944046,
    "p1": -0.0025713883285862307,
    "p2": 0.001937058066136786,
    "camera_model": "OPENCV",
    "frames": [
        {
            "file_path": "images/frame_00529.jpg",
            "transform_matrix": [
                [
                    1.0,
                    8.209859497897224e-15,
                    2.5151748513458273e-14,
                    -2.342004971537075
                ],
                [
                    2.5151748513457427e-14,
                    1.0356759529734071e-13,
                    -1.0,
                    3.8243302735295814
                ],
                [
                    -8.209859497899827e-15,
                    1.0,
                    1.0356759529734051e-13,
                    1.7724919405721902
                ],
                [
                    0.0,
                    0.0,
                    0.0,
                    1.0
                ]
            ],
            "colmap_im_id": 350
        },
        {
            "file_path": "images/frame_00527.jpg",
            "transform_matrix": [
                [
                    0.9984028809264572,
                    0.05205961330704516,
                    -0.021942744132659415,
                    -2.3265220968139944
                ],
                [
                    -0.028295814631270923,
                    0.12462240344697399,
                    -0.9918006873527828,
                    3.8118062994061557
                ],
                [
                    -0.04889820274921347,
                    0.9908375513783381,
                    0.12589643579734988,
                    2.1061522256788714
                ],
                [
                    0.0,
                    0.0,
                    0.0,
                    1.0
                ]
            ],
            "colmap_im_id": 349
        },
        {
            "file_path": "images/frame_00526.jpg",
            "transform_matrix": [
                [
                    0.996381201394594,
                    0.0812540320421799,
                    -0.02494561653586086,
                    -2.336105196608183
                ],
                [
                    -0.040217424856788586,
                    0.19213324444678886,
                    -0.980544427915553,
                    3.8733969062081868
                ],
                [
                    -0.07488030612487086,
                    0.9779992835658107,
                    0.1947057808577001,
                    2.277892180005516
                ],
                [
                    0.0,
                    0.0,
                    0.0,
                    1.0
                ]
            ],
            "colmap_im_id": 348
        },
        {
            "file_path": "images/frame_00525.jpg",
            "transform_matrix": [
                [
                    0.9930539253253209,
                    0.11451588710435563,
                    -0.0270187526853932,
                    -2.2945447226693263
                ],
                [
                    -0.05516512206862154,
                    0.250322430285013,
                    -0.9665896182989754,
                    3.9722145339842703
                ],
                [
                    -0.10392646776989033,
                    0.9613661074205327,
                    0.25490095488241443,
                    2.3829234147192175
                ],
                [
                    0.0,
                    0.0,
                    0.0,
                    1.0
                ]
            ],
            "colmap_im_id": 347
        },
        {
            "file_path": "images/frame_00523.jpg",
            "transform_matrix": [
                [
                    0.9834560597893064,
                    0.1727323675452804,
                    -0.05456837606062774,
                    -2.020475501131375
                ],
                [
                    -0.10346044558704763,
                    0.2883291147461664,
                    -0.9519255526503223,
                    3.8750960763379503
                ],
                [
                    -0.1486947028734429,
                    0.9418226217244381,
                    0.3014299828243441,
                    2.5082916442091894
                ],
                [
                    0.0,
                    0.0,
                    0.0,
                    1.0
                ]
            ],
            "colmap_im_id": 346
        },
        {
            "file_path": "images/frame_00522.jpg",
            "transform_matrix": [
                [
                    0.9755592199482875,
                    0.20629498429134183,
                    -0.07567422170147396,
                    -1.8189153062081163
                ],
                [
                    -0.13438425337154053,
                    0.28765084502606625,
                    -0.9482604409135517,
                    3.7894194038987417
                ],
                [
                    -0.17385361894324314,
                    0.9352536398282686,
                    0.3083432314293806,
                    2.5338136552453925
                ],
                [
                    0.0,
                    0.0,
                    0.0,
                    1.0
                ]
            ],
            "colmap_im_id": 345
        },
        {
            "file_path": "images/frame_00521.jpg",
            "transform_matrix": [
                [
                    0.964350889220344,
                    0.2415460497288091,
                    -0.10808731803657413,
                    -1.5398343602445852
                ],
                [
                    -0.1755963336255047,
                    0.278522447893448,
                    -0.9442410569535312,
                    3.6549224309170545
                ],
                [
                    -0.19797295289309674,
                    0.9295594396701315,
                    0.31100797102797617,
                    2.5232380944055994
                ],
                [
                    0.0,
                    0.0,
                    0.0,
                    1.0
                ]
            ],
            "colmap_im_id": 344
        },
        {
            "file_path": "images/frame_00520.jpg",
            "transform_matrix": [
                [
                    0.9491978934664613,
                    0.27726197993189167,
                    -0.14882591683937094,
                    -1.1993121824474053
                ],
                [
                    -0.22438477098888426,
                    0.26476849565242294,
                    -0.9378428003979233,
                    3.4495052812031752
                ],
                [
                    -0.22062373758754514,
                    0.9235926798076088,
                    0.3135310642005059,
                    2.5309618388438553
                ],
                [
                    0.0,
                    0.0,
                    0.0,
                    1.0
                ]
            ],
            "colmap_im_id": 343
        },
        {
            "file_path": "images/frame_00518.jpg",
            "transform_matrix": [
                [
                    0.90454861488793,
                    0.35576044484831965,
                    -0.23500278548488054,
                    -0.45620593599847026
                ],
                [
                    -0.3282118742775133,
                    0.22917465476233112,
                    -0.9163819854175486,
                    2.9985115890858616
                ],
                [
                    -0.27215578055144973,
                    0.9060427603021239,
                    0.32406441893015514,
                    2.5917815066511762
                ],
                [
                    0.0,
                    0.0,
                    0.0,
                    1.0
                ]
            ],
            "colmap_im_id": 342
        },
        {
            "file_path": "images/frame_00517.jpg",
            "transform_matrix": [
                [
                    0.8742606528360827,
                    0.39745356240275836,
                    -0.27874536164030306,
                    -0.10322055557460286
                ],
                [
                    -0.38133530983668323,
                    0.20692293242244336,
                    -0.9009807331510801,
                    2.7673192884002242
                ],
                [
                    -0.3004191944173799,
                    0.8939874528040388,
                    0.3324676553509514,
                    2.5549118047940236
                ],
                [
                    0.0,
                    0.0,
                    0.0,
                    1.0
                ]
            ],
            "colmap_im_id": 341
        },
        {
            "file_path": "images/frame_00516.jpg",
            "transform_matrix": [
                [
                    0.8324686769560502,
                    0.4461043946400097,
                    -0.3286134065583962,
                    0.31208630923141845
                ],
                [
                    -0.44231839933045924,
                    0.1778760336009802,
                    -0.8790418364811333,
                    2.486282901408143
                ],
                [
                    -0.3336919769799446,
                    0.8771265505919047,
                    0.3453964081254505,
                    2.4769912737218447
                ],
                [
                    0.0,
                    0.0,
                    0.0,
                    1.0
                ]
            ],
            "colmap_im_id": 340
        },
        {
            "file_path": "images/frame_00514.jpg",
            "transform_matrix": [
                [
                    0.741280473816247,
                    0.5284867071904263,
                    -0.4137693312242717,
                    1.109070127711133
                ],
                [
                    -0.5452886648865494,
                    0.11473247255595868,
                    -0.830359399108266,
                    2.0105698734445188
                ],
                [
                    -0.39136112618016244,
                    0.8411529350030329,
                    0.37322675259254695,
                    2.261270524416164
                ],
                [
                    0.0,
                    0.0,
                    0.0,
                    1.0
                ]
            ],
            "colmap_im_id": 339
        },
        {
            "file_path": "images/frame_00513.jpg",
            "transform_matrix": [
                [
                    0.6978243104425869,
                    0.561944415298538,
                    -0.44413928656460017,
                    1.4348907754815896
                ],
                [
                    -0.5831047705966326,
                    0.08558711820946968,
                    -0.8078760249593044,
                    1.8274056586916674
                ],
                [
                    -0.41596881885878956,
                    0.8227352668455282,
                    0.3873972411180042,
                    2.1563208215668213
                ],
                [
                    0.0,
                    0.0,
                    0.0,
                    1.0
                ]
            ],
            "colmap_im_id": 338
        },
        {
            "file_path": "images/frame_00512.jpg",
            "transform_matrix": [
                [
                    0.6486565366593071,
                    0.5962621070209976,
                    -0.47298646617005147,
                    1.7978136026321425
                ],
                [
                    -0.6187746796401611,
                    0.05132445947149308,
                    -0.7838901043489291,
                    1.5704279167615034
                ],
                [
                    -0.4431281905784926,
                    0.8011474892869846,
                    0.402243840380175,
                    2.001511709334353
                ],
                [
                    0.0,
                    0.0,
                    0.0,
                    1.0
                ]
            ],
            "colmap_im_id": 337
        },
        {
            "file_path": "images/frame_00511.jpg",
            "transform_matrix": [
                [
                    0.6051124153718236,
                    0.6236160305195518,
                    -0.494916165872479,
                    2.0510951305977345
                ],
                [
                    -0.6452854338154752,
                    0.020066275080054367,
                    -0.7636779776253767,
                    1.3112547494790618
                ],
                [
                    -0.46631070507597344,
                    0.7814732184044755,
                    0.4145526929693007,
                    1.8679577020789317
                ],
                [
                    0.0,
                    0.0,
                    0.0,
                    1.0
                ]
            ],
            "colmap_im_id": 336
        },
        {
            "file_path": "images/frame_00509.jpg",
            "transform_matrix": [
                [
                    0.4979697651485616,
                    0.6731843174069171,
                    -0.5466708221546759,
                    2.7322449773160824
                ],
                [
                    -0.7011673832761178,
                    -0.05838704367172199,
                    -0.7106020361362598,
                    0.7184627677244874
                ],
                [
                    -0.5102846398115548,
                    0.7371660789324611,
                    0.4429399038738014,
                    1.540494150791903
                ],
                [
                    0.0,
                    0.0,
                    0.0,
                    1.0
                ]
            ],
            "colmap_im_id": 335
        },
        {
            "file_path": "images/frame_00508.jpg",
            "transform_matrix": [
                [
                    0.4304419418318554,
                    0.694192157272468,
                    -0.5769029238038391,
                    3.104626743528638
                ],
                [
                    -0.7335571801792592,
                    -0.10337655558795739,
                    -0.6717195479976921,
                    0.4110370057485161
                ],
                [
                    -0.5259406792780678,
                    0.7123275486292572,
                    0.46473203606417945,
                    1.3207949218095367
                ],
                [
                    0.0,
                    0.0,
                    0.0,
                    1.0
                ]
            ],
            "colmap_im_id": 334
        },
        {
            "file_path": "images/frame_00507.jpg",
            "transform_matrix": [
                [
                    0.3719688385482692,
                    0.708609490492218,
                    -0.5995930062412422,
                    3.374483487352866
                ],
                [
                    -0.7572372831718096,
                    -0.1419517975018786,
                    -0.6375275556088239,
                    0.14507558648450805
                ],
                [
                    -0.5368713813602173,
                    0.6911745634572677,
                    0.4837838801634746,
                    1.146093146517436
                ],
                [
                    0.0,
                    0.0,
                    0.0,
                    1.0
                ]
            ],
            "colmap_im_id": 333
        },
        {
            "file_path": "images/frame_00505.jpg",
            "transform_matrix": [
                [
                    0.25196143330151266,
                    0.7196965008442289,
                    -0.6469562448892663,
                    3.8906185237306405
                ],
                [
                    -0.7931420457129604,
                    -0.2294625641917674,
                    -0.5641565624512394,
                    -0.47716582649913686
                ],
                [
                    -0.5544737427966336,
                    0.6552738956399164,
                    0.5130058384092532,
                    0.7830042996985367
                ],
                [
                    0.0,
                    0.0,
                    0.0,
                    1.0
                ]
            ],
            "colmap_im_id": 332
        },
        {
            "file_path": "images/frame_00504.jpg",
            "transform_matrix": [
                [
                    0.19213473962144595,
                    0.7144219688604228,
                    -0.6728190635231706,
                    4.1598239902115886
                ],
                [
                    -0.8041859638288135,
                    -0.2783263691686035,
                    -0.5251850795730438,
                    -0.8435291945840405
                ],
                [
                    -0.5624670456225158,
                    0.6419779455986159,
                    0.5210519551385054,
                    0.6242794119300992
                ],
                [
                    0.0,
                    0.0,
                    0.0,
                    1.0
                ]
            ],
            "colmap_im_id": 331
        },
        {
            "file_path": "images/frame_00503.jpg",
            "transform_matrix": [
                [
                    0.14513340457543528,
                    0.7046954063724167,
                    -0.6945075083207936,
                    4.327204605927681
                ],
                [
                    -0.8096249495200524,
                    -0.31889392500893976,
                    -0.49276171290700455,
                    -1.1910137317423035
                ],
                [
                    -0.5687211407983666,
                    0.633806791404137,
                    0.5242568217763098,
                    0.5237778526334065
                ],
                [
                    0.0,
                    0.0,
                    0.0,
                    1.0
                ]
            ],
            "colmap_im_id": 330
        },
        {
            "file_path": "images/frame_00502.jpg",
            "transform_matrix": [
                [
                    0.10338585243546443,
                    0.6860470262099231,
                    -0.7201741756996798,
                    4.535101577311458
                ],
                [
                    -0.8097756396722277,
                    -0.36238126730761644,
                    -0.4614577234134889,
                    -1.581213380907292
                ],
                [
                    -0.5775593293416934,
                    0.6308877039006596,
                    0.5180790732671283,
                    0.42096755723483703
                ],
                [
                    0.0,
                    0.0,
                    0.0,
                    1.0
                ]
            ],
            "colmap_im_id": 329
        },
        {
            "file_path": "images/frame_00500.jpg",
            "transform_matrix": [
                [
                    0.06713151031470295,
                    0.6356856451088286,
                    -0.7690234852886089,
                    4.777509663988213
                ],
                [
                    -0.8041557167453404,
                    -0.4217812118215962,
                    -0.4188486511618414,
                    -2.181470864391558
                ],
                [
                    -0.5906157325610748,
                    0.6465325745520317,
                    0.4828754357952646,
                    0.3493892756986112
                ],
                [
                    0.0,
                    0.0,
                    0.0,
                    1.0
                ]
            ],
            "colmap_im_id": 328
        },
        {
            "file_path": "images/frame_00499.jpg",
            "transform_matrix": [
                [
                    0.06311621580955377,
                    0.6076380323265786,
                    -0.7917021946238153,
                    4.826024167256495
                ],
                [
                    -0.8013068172817239,
                    -0.4420247304695116,
                    -0.40313958157341623,
                    -2.427903375961437
                ],
                [
                    -0.5949148912909437,
                    0.6598410106409265,
                    0.4590055694614666,
                    0.35510942213935354
                ],
                [
                    0.0,
                    0.0,
                    0.0,
                    1.0
                ]
            ],
            "colmap_im_id": 327
        },
        {
            "file_path": "images/frame_00498.jpg",
            "transform_matrix": [
                [
                    0.0645109630180129,
                    0.5830153599399012,
                    -0.8098959351204544,
                    4.794648449615266
                ],
                [
                    -0.7988830969357072,
                    -0.456183185690133,
                    -0.3920238494326776,
                    -2.6294051562629415
                ],
                [
                    -0.5980168334427565,
                    0.6723020088976002,
                    0.43633229968837905,
                    0.41809894019792604
                ],
                [
                    0.0,
                    0.0,
                    0.0,
                    1.0
                ]
            ],
            "colmap_im_id": 326
        },
        {
            "file_path": "images/frame_00496.jpg",
            "transform_matrix": [
                [
                    0.09459697358367214,
                    0.5356245768162801,
                    -0.8391410640048494,
                    4.506987357412666
                ],
                [
                    -0.7961119269195251,
                    -0.46538979592250573,
                    -0.3868050383173526,
                    -3.038031278566509
                ],
                [
                    -0.5977099734865482,
                    0.7046407954139396,
                    0.3823926477236723,
                    0.8591989785944638
                ],
                [
                    0.0,
                    0.0,
                    0.0,
                    1.0
                ]
            ],
            "colmap_im_id": 325
        },
        {
            "file_path": "images/frame_00495.jpg",
            "transform_matrix": [
                [
                    0.11721854668713011,
                    0.5268841260742995,
                    -0.8418152588326486,
                    4.3085784909094915
                ],
                [
                    -0.7931414252862136,
                    -0.460453404704736,
                    -0.39863434572396067,
                    -3.08660033621369
                ],
                [
                    -0.5976508109318607,
                    0.7144058928835473,
                    0.36391994779862086,
                    1.1483317120259726
                ],
                [
                    0.0,
                    0.0,
                    0.0,
                    1.0
                ]
            ],
            "colmap_im_id": 324
        },
        {
            "file_path": "images/frame_00494.jpg",
            "transform_matrix": [
                [
                    0.14099771692956573,
                    0.5253198133618757,
                    -0.8391416671278419,
                    4.287154224022805
                ],
                [
                    -0.7904091854084204,
                    -0.45065333456379747,
                    -0.41492757400361685,
                    -2.945825435304738
                ],
                [
                    -0.5961316661968619,
                    0.7217691221824153,
                    0.35167651445807263,
                    1.2193036885170674
                ],
                [
                    0.0,
                    0.0,
                    0.0,
                    1.0
                ]
            ],
            "colmap_im_id": 323
        },
        {
            "file_path": "images/frame_00493.jpg",
            "transform_matrix": [
                [
                    0.17238698785259546,
                    0.5269992830932321,
                    -0.8321985832950739,
                    4.249269335286979
                ],
                [
                    -0.787037727147794,
                    -0.43434266391192,
                    -0.43808454247089257,
                    -2.763734695710082
                ],
                [
                    -0.5923295893884952,
                    0.7304917562335091,
                    0.3398932944465663,
                    1.2363785517714763
                ],
                [
                    0.0,
                    0.0,
                    0.0,
                    1.0
                ]
            ],
            "colmap_im_id": 322
        },
        {
            "file_path": "images/frame_00491.jpg",
            "transform_matrix": [
                [
                    0.21762214723685078,
                    0.5279047976202587,
                    -0.8209489178271302,
                    4.1671246445704995
                ],
                [
                    -0.7784174015352086,
                    -0.41354755142445615,
                    -0.4722761604167743,
                    -2.466620031932278
                ],
                [
                    -0.5888182656976567,
                    0.7418186755268099,
                    0.3209331746959998,
                    1.4294961628600342
                ],
                [
                    0.0,
                    0.0,
                    0.0,
                    1.0
                ]
            ],
            "colmap_im_id": 321
        },
        {
            "file_path": "images/frame_00490.jpg",
            "transform_matrix": [
                [
                    0.24567244252783635,
                    0.5257579782412224,
                    -0.8143854120120947,
                    4.107157811739542
                ],
                [
                    -0.7705750006797628,
                    -0.4037776452278907,
                    -0.4931305927861335,
                    -2.2867182875451157
                ],
                [
                    -0.5880979674423222,
                    0.7486936366297777,
                    0.3059389140993464,
                    1.5360476277897825
                ],
                [
                    0.0,
                    0.0,
                    0.0,
                    1.0
                ]
            ],
            "colmap_im_id": 320
        },
        {
            "file_path": "images/frame_00489.jpg",
            "transform_matrix": [
                [
                    0.28268831960768237,
                    0.5217719780004583,
                    -0.8048859030514037,
                    3.975099399414622
                ],
                [
                    -0.7594665425291015,
                    -0.3908056443975997,
                    -0.5200783778296009,
                    -2.0725352152733616
                ],
                [
                    -0.5859162779239685,
                    0.7583039966138027,
                    0.28579216921262374,
                    1.6788363974350935
                ],
                [
                    0.0,
                    0.0,
                    0.0,
                    1.0
                ]
            ],
            "colmap_im_id": 319
        },
        {
            "file_path": "images/frame_00487.jpg",
            "transform_matrix": [
                [
                    0.35713625062297455,
                    0.5071281087679195,
                    -0.784394530697682,
                    3.655222899458164
                ],
                [
                    -0.7367502727627819,
                    -0.36326000739008824,
                    -0.5702992220009769,
                    -1.632330874220433
                ],
                [
                    -0.5741539289031561,
                    0.78157741032378,
                    0.24389345541986837,
                    1.8863779015907167
                ],
                [
                    0.0,
                    0.0,
                    0.0,
                    1.0
                ]
            ],
            "colmap_im_id": 318
        },
        {
            "file_path": "images/frame_00486.jpg",
            "transform_matrix": [
                [
                    0.3920688780029737,
                    0.49889781085147566,
                    -0.7729055370671727,
                    3.478405772834129
                ],
                [
                    -0.7240226968105549,
                    -0.3509644303397187,
                    -0.593814030770146,
                    -1.408685332187349
                ],
                [
                    -0.5675148715273114,
                    0.792417152113659,
                    0.22361110802332126,
                    2.0102028418465334
                ],
                [
                    0.0,
                    0.0,
                    0.0,
                    1.0
                ]
            ],
            "colmap_im_id": 317
        },
        {
            "file_path": "images/frame_00485.jpg",
            "transform_matrix": [
                [
                    0.43681162445792754,
                    0.48660420867181414,
                    -0.7565791094401855,
                    3.1695557158459513
                ],
                [
                    -0.7059550656441224,
                    -0.33582784398431625,
                    -0.6235760615163545,
                    -1.224468830877372
                ],
                [
                    -0.5575150670877237,
                    0.8064961272738531,
                    0.1968272000066244,
                    2.2023866328350246
                ],
                [
                    0.0,
                    0.0,
                    0.0,
                    1.0
                ]
            ],
            "colmap_im_id": 316
        },
        {
            "file_path": "images/frame_00484.jpg",
            "transform_matrix": [
                [
                    0.4823631501932524,
                    0.47258831318547406,
                    -0.7375541184049821,
                    2.8743736208253194
                ],
                [
                    -0.6851600793253924,
                    -0.3210599346933252,
                    -0.6538166287526956,
                    -1.076179624921964
                ],
                [
                    -0.5457851748027464,
                    0.8207196869670095,
                    0.16893116465090038,
                    2.3674123578627637
                ],
                [
                    0.0,
                    0.0,
                    0.0,
                    1.0
                ]
            ],
            "colmap_im_id": 315
        },
        {
            "file_path": "images/frame_00482.jpg",
            "transform_matrix": [
                [
                    0.5818738688840208,
                    0.43481387707395375,
                    -0.6872842883507942,
                    2.110206394841793
                ],
                [
                    -0.6314752768401647,
                    -0.29099290595775484,
                    -0.7187225496823503,
                    -0.6448431621388705
                ],
                [
                    -0.512505390654165,
                    0.8522089068920705,
                    0.10525304539177754,
                    2.6918531077732495
                ],
                [
                    0.0,
                    0.0,
                    0.0,
                    1.0
                ]
            ],
            "colmap_im_id": 314
        },
        {
            "file_path": "images/frame_00481.jpg",
            "transform_matrix": [
                [
                    0.632086657211158,
                    0.41005143733548094,
                    -0.657513708233319,
                    1.728058646070743
                ],
                [
                    -0.6009716985220177,
                    -0.276251055388804,
                    -0.7500122478814151,
                    -0.41172624395361823
                ],
                [
                    -0.48918245609504984,
                    0.869219864669278,
                    0.07181470262513501,
                    2.8865891048695156
                ],
                [
                    0.0,
                    0.0,
                    0.0,
                    1.0
                ]
            ],
            "colmap_im_id": 313
        },
        {
            "file_path": "images/frame_00480.jpg",
            "transform_matrix": [
                [
                    0.6748138614580542,
                    0.38866839367418216,
                    -0.6273461023572242,
                    1.4280560922053291
                ],
                [
                    -0.5722920195818112,
                    -0.261116612321957,
                    -0.7773673257170491,
                    -0.22849734229654795
                ],
                [
                    -0.4659485987821423,
                    0.8836034147332364,
                    0.04622671051159075,
                    3.0679806522708377
                ],
                [
                    0.0,
                    0.0,
                    0.0,
                    1.0
                ]
            ],
            "colmap_im_id": 312
        },
        {
            "file_path": "images/frame_00478.jpg",
            "transform_matrix": [
                [
                    0.7568897140871848,
                    0.3447794343586219,
                    -0.5551982549975896,
                    0.6495593384765563
                ],
                [
                    -0.5072554638097329,
                    -0.2257284126381557,
                    -0.8317082289860016,
                    0.04290128224148659
                ],
                [
                    -0.41207991354128476,
                    0.9111387519863301,
                    0.004039738184592447,
                    3.481658613565447
                ],
                [
                    0.0,
                    0.0,
                    0.0,
                    1.0
                ]
            ],
            "colmap_im_id": 311
        },
        {
            "file_path": "images/frame_00477.jpg",
            "transform_matrix": [
                [
                    0.7949021109915271,
                    0.32315590319534426,
                    -0.5135181556393262,
                    0.13321934599912633
                ],
                [
                    -0.47146253447313413,
                    -0.20375554786047903,
                    -0.8580249153167085,
                    0.20067364696190634
                ],
                [
                    -0.3819079896118733,
                    0.9241503876242639,
                    -0.009609813970098162,
                    3.7230061211164913
                ],
                [
                    0.0,
                    0.0,
                    0.0,
                    1.0
                ]
            ],
            "colmap_im_id": 310
        },
        {
            "file_path": "images/frame_00476.jpg",
            "transform_matrix": [
                [
                    0.8306378828245968,
                    0.3009207669588983,
                    -0.46849482348211696,
                    -0.29981285659174783
                ],
                [
                    -0.4324393723696467,
                    -0.18139950657862422,
                    -0.8832272687352772,
                    0.39370455492719253
                ],
                [
                    -0.3507661569211283,
                    0.936237635980257,
                    -0.020547314493196193,
                    3.9261952941435827
                ],
                [
                    0.0,
                    0.0,
                    0.0,
                    1.0
                ]
            ],
            "colmap_im_id": 309
        },
        {
            "file_path": "images/frame_00475.jpg",
            "transform_matrix": [
                [
                    0.860138996144509,
                    0.2804685307185336,
                    -0.4260261853314927,
                    -0.669275584073505
                ],
                [
                    -0.3949820695019899,
                    -0.1622156637629632,
                    -0.9042539705203768,
                    0.6149705361814638
                ],
                [
                    -0.3227229029422016,
                    0.9460568068073547,
                    -0.02874797749460153,
                    4.0792911953027255
                ],
                [
                    0.0,
                    0.0,
                    0.0,
                    1.0
                ]
            ],
            "colmap_im_id": 308
        },
        {
            "file_path": "images/frame_00470.jpg",
            "transform_matrix": [
                [
                    0.9660401953978311,
                    0.15560932381001866,
                    -0.20628155326909076,
                    -2.5434049559176097
                ],
                [
                    -0.1887365843987529,
                    -0.12030858986459037,
                    -0.9746303632220197,
                    1.2969069568060645
                ],
                [
                    -0.17647901457457305,
                    0.9804649823161369,
                    -0.08685376138432399,
                    4.479797280127032
                ],
                [
                    0.0,
                    0.0,
                    0.0,
                    1.0
                ]
            ],
            "colmap_im_id": 307
        },
        {
            "file_path": "images/frame_00469.jpg",
            "transform_matrix": [
                [
                    0.9711256666491468,
                    0.1417333708734571,
                    -0.19190255640844686,
                    -2.829928171080679
                ],
                [
                    -0.17375577768350248,
                    -0.13098924920870547,
                    -0.9760382914175759,
                    1.3323614490412925
                ],
                [
                    -0.1634743689293564,
                    0.9812000143561896,
                    -0.10258002988185351,
                    4.531727837225969
                ],
                [
                    0.0,
                    0.0,
                    0.0,
                    1.0
                ]
            ],
