{
    "w": 1920,
    "h": 1080,
    "fl_x": 1731.7167180270376,
    "fl_y": 1737.0515248875124,
    "cx": 960.0,
    "cy": 540.0,
    "k1": -0.01621388587273785,
    "k2": -0.021944901349472697,
    "p1": 0.00041288802579096353,
    "p2": 0.003071852884883843,
    "camera_model": "OPENCV",
    "frames": [
        {
            "file_path": "images/frame_00277.jpg",
            "transform_matrix": [
                [
                    1.0,
                    1.1421189902054797e-14,
                    4.135617204769034e-15,
                    -0.7564657611558221
                ],
                [
                    4.1356172047688666e-15,
                    1.4658323026314932e-14,
                    -1.0,
                    -1.7977410003179592
                ],
                [
                    -1.1421189902054857e-14,
                    1.0,
                    1.4658323026314882e-14,
                    -0.5845401566010304
                ],
                [
                    0.0,
                    0.0,
                    0.0,
                    1.0
                ]
            ],
            "colmap_im_id": 235
        },
        {
            "file_path": "images/frame_00276.jpg",
            "transform_matrix": [
                [
                    0.9991181714104306,
                    0.03509804934836489,
                    -0.02304357805153813,
                    -0.7972554091715294
                ],
                [
                    -0.022841159451668865,
                    -0.0061573714078465396,
                    -0.9997201449466991,
                    -1.749008834667076
                ],
                [
                    -0.03523011485052277,
                    0.9993649051819288,
                    -0.005350261520093959,
                    -0.5427739061595596
                ],
                [
                    0.0,
                    0.0,
                    0.0,
                    1.0
                ]
            ],
            "colmap_im_id": 234
        },
        {
            "file_path": "images/frame_00273.jpg",
            "transform_matrix": [
                [
                    0.9585775057857626,
                    0.23871954108653715,
                    -0.15537743113135544,
                    -1.2963030855111028
                ],
                [
                    -0.14979630994036905,
                    -0.041461950596110596,
                    -0.9878471400884928,
                    -1.6016809942290757
                ],
                [
                    -0.24226066731889204,
                    0.9702030134751173,
                    -0.003985186822010619,
                    -0.291169306115719
                ],
                [
                    0.0,
                    0.0,
                    0.0,
                    1.0
                ]
            ],
            "colmap_im_id": 233
        },
        {
            "file_path": "images/frame_00272.jpg",
            "transform_matrix": [
                [
                    0.9286176053982376,
                    0.3170633373148085,
                    -0.19271788467923545,
                    -1.528818225824382
                ],
                [
                    -0.18342526626600014,
                    -0.0592068210516639,
                    -0.9812490632027137,
                    -1.5995675604405726
                ],
                [
                    -0.3225283160277405,
                    0.9465544846820771,
                    0.003176930681917249,
                    -0.26255195054599
                ],
                [
                    0.0,
                    0.0,
                    0.0,
                    1.0
                ]
            ],
            "colmap_im_id": 232
        },
        {
            "file_path": "images/frame_00271.jpg",
            "transform_matrix": [
                [
                    0.9048833462692352,
                    0.368084603540039,
                    -0.2137752424425328,
                    -1.56376690736212
                ],
                [
                    -0.20163132259867217,
                    -0.07164359065061447,
                    -0.9768377581081709,
                    -1.5641293420294378
                ],
                [
                    -0.37487456487697535,
                    0.9270280041915991,
                    0.00938829339331463,
                    -0.21360257806457164
                ],
                [
                    0.0,
                    0.0,
                    0.0,
                    1.0
                ]
            ],
            "colmap_im_id": 231
        },
        {
            "file_path": "images/frame_00270.jpg",
            "transform_matrix": [
                [
                    0.8807274554323619,
                    0.4154052604664937,
                    -0.22750300838538715,
                    -1.5317203003043518
                ],
                [
                    -0.21395026199293862,
                    -0.07959512685611689,
                    -0.9735963748771416,
                    -1.5586701202599564
                ],
                [
                    -0.42254518650765627,
                    0.906147386111952,
                    0.01877445076924737,
                    -0.1356755028472647
                ],
                [
                    0.0,
                    0.0,
                    0.0,
                    1.0
                ]
            ],
            "colmap_im_id": 230
        },
        {
            "file_path": "images/frame_00269.jpg",
            "transform_matrix": [
                [
                    0.8572913249638779,
                    0.456812609930318,
                    -0.23743172397624024,
                    -1.5552466697941116
                ],
                [
                    -0.22458033245730885,
                    -0.08316693648035009,
                    -0.9709000643474273,
                    -1.5317084809065828
                ],
                [
                    -0.4632658614824139,
                    0.8856666980784162,
                    0.031292834640415754,
                    -0.07101927251330391
                ],
                [
                    0.0,
                    0.0,
                    0.0,
                    1.0
                ]
            ],
            "colmap_im_id": 229
        },
        {
            "file_path": "images/frame_00267.jpg",
            "transform_matrix": [
                [
                    0.7855958007817144,
                    0.5596379059672717,
                    -0.26390273207889237,
                    -1.8043371518012419
                ],
                [
                    -0.2558583520540149,
                    -0.0945164858739427,
                    -0.9620827082856467,
                    -1.5336755805927789
                ],
                [
                    -0.5633611110809302,
                    0.8233298537661611,
                    0.06893627796053228,
                    -0.13603032430592937
                ],
                [
                    0.0,
                    0.0,
                    0.0,
                    1.0
                ]
            ],
            "colmap_im_id": 228
        },
        {
            "file_path": "images/frame_00266.jpg",
            "transform_matrix": [
                [
                    0.7529946432621419,
                    0.5995327608397639,
                    -0.27121861274324466,
                    -1.8608080084174898
                ],
                [
                    -0.2667207960980197,
                    -0.09870933505018742,
                    -0.9587056295353588,
                    -1.551627609399223
                ],
                [
                    -0.6015472418250775,
                    0.7942398478128633,
                    0.08558025472526637,
                    -0.1731979914735235
                ],
                [
                    0.0,
                    0.0,
                    0.0,
                    1.0
                ]
            ],
            "colmap_im_id": 227
        },
        {
            "file_path": "images/frame_00262.jpg",
            "transform_matrix": [
                [
                    0.6504709854950781,
                    0.7027609922643063,
                    -0.28812234342506227,
                    -1.9962392942058094
                ],
                [
                    -0.3104723921036723,
                    -0.10018400515377535,
                    -0.9452883469358817,
                    -1.6876389124640003
                ],
                [
                    -0.6931770270071601,
                    0.7043366757900913,
                    0.15302109778222922,
                    0.03329485468212041
                ],
                [
                    0.0,
                    0.0,
                    0.0,
                    1.0
                ]
            ],
            "colmap_im_id": 226
        },
        {
            "file_path": "images/frame_00252.jpg",
            "transform_matrix": [
                [
                    0.28416223377362637,
                    0.8800403034851562,
                    -0.38050083986574496,
                    -2.566499697978991
                ],
                [
                    -0.4366357771143739,
                    -0.23453534947870605,
                    -0.8685288527093549,
                    -1.3808153161240095
                ],
                [
                    -0.8535812925788087,
                    0.41294337879018667,
                    0.3176109929974633,
                    0.8500829053461135
                ],
                [
                    0.0,
                    0.0,
                    0.0,
                    1.0
                ]
            ],
            "colmap_im_id": 225
        },
        {
            "file_path": "images/frame_00243.jpg",
            "transform_matrix": [
                [
                    0.1258301533590441,
                    0.8733278470701975,
                    -0.47060093926529,
                    -2.9131280457413644
                ],
                [
                    -0.5214616370645166,
                    -0.34532537835836324,
                    -0.7802744030990941,
                    0.14771306850536361
                ],
                [
                    -0.8439458119901025,
                    0.3435823839974729,
                    0.4119546235096524,
                    1.0376651487526545
                ],
                [
                    0.0,
                    0.0,
                    0.0,
                    1.0
                ]
            ],
            "colmap_im_id": 224
        },
        {
            "file_path": "images/frame_00242.jpg",
            "transform_matrix": [
                [
                    0.11236608808480923,
                    0.8757069366285348,
                    -0.4695862257234389,
                    -2.90345068991694
                ],
                [
                    -0.5265257668310209,
                    -0.3483084233074839,
                    -0.7755332740225013,
                    0.31023787735011144
                ],
                [
                    -0.8427007055363858,
                    0.33439288777383147,
                    0.4219442113535336,
                    1.0034693512411184
                ],
                [
                    0.0,
                    0.0,
                    0.0,
                    1.0
                ]
            ],
            "colmap_im_id": 223
        },
        {
            "file_path": "images/frame_00241.jpg",
            "transform_matrix": [
                [
                    0.09862353812946088,
                    0.8771025718597304,
                    -0.47006858665930135,
                    -2.7976915589579185
                ],
                [
                    -0.5291245391061458,
                    -0.3538415132100942,
                    -0.7712479534137511,
                    0.31001934008183624
                ],
                [
                    -0.8427933434968121,
                    0.32478802620514996,
                    0.4291993921142333,
                    1.0715316573002271
                ],
                [
                    0.0,
                    0.0,
                    0.0,
                    1.0
                ]
            ],
            "colmap_im_id": 222
        },
        {
            "file_path": "images/frame_00240.jpg",
            "transform_matrix": [
                [
                    0.0804518292878022,
                    0.8713083569594758,
                    -0.4840963233250428,
                    -2.814600244736853
                ],
                [
                    -0.5356999860443473,
                    -0.3717700310255178,
                    -0.758163945979609,
                    0.35076554101482077
                ],
                [
                    -0.8405670872192962,
                    0.32032607000346347,
                    0.4368502955931288,
                    1.0918216220426982
                ],
                [
                    0.0,
                    0.0,
                    0.0,
                    1.0
                ]
            ],
            "colmap_im_id": 221
        },
        {
            "file_path": "images/frame_00239.jpg",
            "transform_matrix": [
                [
                    0.06154763815470196,
                    0.8639997209876533,
                    -0.4997162898794026,
                    -2.8813423259850004
                ],
                [
                    -0.5409072869865249,
                    -0.3918962963252073,
                    -0.7442019885833836,
                    0.3952423296487746
                ],
                [
                    -0.8388272737116118,
                    0.3161040573289792,
                    0.4432234535961542,
                    1.1707493397941227
                ],
                [
                    0.0,
                    0.0,
                    0.0,
                    1.0
                ]
            ],
            "colmap_im_id": 220
        },
        {
            "file_path": "images/frame_00238.jpg",
            "transform_matrix": [
                [
                    0.03741153834097474,
                    0.8572444270268011,
                    -0.5135487991714641,
                    -3.0000629498185254
                ],
                [
                    -0.5469757158745413,
                    -0.4125224884639653,
                    -0.7284523064381296,
                    0.5598690174134552
                ],
                [
                    -0.8363121086307996,
                    0.30815124345520434,
                    0.4534587832587619,
                    1.2337181336428227
                ],
                [
                    0.0,
                    0.0,
                    0.0,
                    1.0
                ]
            ],
            "colmap_im_id": 219
        },
        {
            "file_path": "images/frame_00237.jpg",
            "transform_matrix": [
                [
                    0.01320745657698599,
                    0.8518601726492974,
                    -0.5236027209103064,
                    -3.074428254555515
                ],
                [
                    -0.5513880395304783,
                    -0.4306317530733425,
                    -0.7145120874468921,
                    0.6695481506881762
                ],
                [
                    -0.8341443477920967,
                    0.29814516514424444,
                    0.4640179603718036,
                    1.2660701127299763
                ],
                [
                    0.0,
                    0.0,
                    0.0,
                    1.0
                ]
            ],
            "colmap_im_id": 218
        },
        {
            "file_path": "images/frame_00236.jpg",
            "transform_matrix": [
                [
                    -0.009668059066424182,
                    0.8465293670807977,
                    -0.5322542243173575,
                    -3.08397864822408
                ],
                [
                    -0.5543421013031103,
                    -0.4475381328186913,
                    -0.7017224910147966,
                    0.6884034584900832
                ],
                [
                    -0.8322327579209676,
                    0.28826663064417185,
                    0.4735936932649299,
                    1.276634130919024
                ],
                [
                    0.0,
                    0.0,
                    0.0,
                    1.0
                ]
            ],
            "colmap_im_id": 217
        },
        {
            "file_path": "images/frame_00235.jpg",
            "transform_matrix": [
                [
                    -0.034962623589544356,
                    0.8408763430219315,
                    -0.5400968345563586,
                    -3.0327657164708106
                ],
                [
                    -0.5558647813640009,
                    -0.4654814878619389,
                    -0.6887244218822122,
                    0.6820462097445893
                ],
                [
                    -0.8305371513610259,
                    0.27614119613686494,
                    0.4836879986160647,
                    1.3457820334952328
                ],
                [
                    0.0,
                    0.0,
                    0.0,
                    1.0
                ]
            ],
            "colmap_im_id": 216
        },
        {
            "file_path": "images/frame_00233.jpg",
            "transform_matrix": [
                [
                    -0.0983831788903177,
                    0.8092691915399451,
                    -0.5791408513787638,
                    -3.1589862041229
                ],
                [
                    -0.5578189646396788,
                    -0.5267878875310029,
                    -0.6413521062871317,
                    1.146983662213974
                ],
                [
                    -0.8241108862281534,
                    0.2599574910921152,
                    0.5032527695158173,
                    1.6736829301769103
                ],
                [
                    0.0,
                    0.0,
                    0.0,
                    1.0
                ]
            ],
            "colmap_im_id": 215
        },
        {
            "file_path": "images/frame_00232.jpg",
            "transform_matrix": [
                [
                    -0.1358348685734521,
                    0.7925948996003496,
                    -0.5944259530060447,
                    -3.3102671826740226
                ],
                [
                    -0.5526368537510489,
                    -0.5585880603664012,
                    -0.6185239580584113,
                    1.3585757612711111
                ],
                [
                    -0.8222781745588134,
                    0.24448456790483378,
                    0.5138928873808353,
                    1.778293970026016
                ],
                [
                    0.0,
                    0.0,
                    0.0,
                    1.0
                ]
            ],
            "colmap_im_id": 214
        },
        {
            "file_path": "images/frame_00231.jpg",
            "transform_matrix": [
                [
                    -0.1847122980716225,
                    0.7681166486524579,
                    -0.6130890481846963,
                    -3.5053126232424727
                ],
                [
                    -0.539910055823145,
                    -0.6005653340775892,
                    -0.5897613170811751,
                    1.481316829589241
                ],
                [
                    -0.821205515423605,
                    0.22207677403814768,
                    0.5256457056522585,
                    1.9779489967512944
                ],
                [
                    0.0,
                    0.0,
                    0.0,
                    1.0
                ]
            ],
            "colmap_im_id": 213
        },
        {
            "file_path": "images/frame_00230.jpg",
            "transform_matrix": [
                [
                    -0.22831438348627273,
                    0.7506358748711024,
                    -0.6200147785736865,
                    -3.69685486528611
                ],
                [
                    -0.5207027292716958,
                    -0.6322466541436657,
                    -0.5737009988252999,
                    1.5711749483703057
                ],
                [
                    -0.8226428204404932,
                    0.1918591975398475,
                    0.5352091537867002,
                    2.0043447518358306
                ],
                [
                    0.0,
                    0.0,
                    0.0,
                    1.0
                ]
            ],
            "colmap_im_id": 212
        },
        {
            "file_path": "images/frame_00229.jpg",
            "transform_matrix": [
                [
                    -0.27075875990469517,
                    0.7316939526322661,
                    -0.6255506802939651,
                    -3.9013161644003476
                ],
                [
                    -0.5055337574646361,
                    -0.6610818096619655,
                    -0.5544424776275239,
                    1.7046190563000883
                ],
                [
                    -0.8192223837265175,
                    0.16611682821265267,
                    0.5488896841679666,
                    2.0287253046684897
                ],
                [
                    0.0,
                    0.0,
                    0.0,
                    1.0
                ]
            ],
            "colmap_im_id": 211
        },
        {
            "file_path": "images/frame_00228.jpg",
            "transform_matrix": [
                [
                    -0.2892236035228781,
                    0.7293433207928119,
                    -0.6200064738211644,
                    -4.023674349110267
                ],
                [
                    -0.4976575858313922,
                    -0.6678422520648999,
                    -0.5534651331577748,
                    1.8121908300704157
                ],
                [
                    -0.817732617931871,
                    0.14847574472551375,
                    0.5561189789950461,
                    1.97066115973988
                ],
                [
                    0.0,
                    0.0,
                    0.0,
                    1.0
                ]
            ],
            "colmap_im_id": 210
        },
        {
            "file_path": "images/frame_00227.jpg",
            "transform_matrix": [
                [
                    -0.2938799824617296,
                    0.7238532261304742,
                    -0.6242363838553449,
                    -4.188571375937628
                ],
                [
                    -0.49460891726340944,
                    -0.6740035153145055,
                    -0.5487087390475994,
                    1.9563540247286288
                ],
                [
                    -0.8179221080713068,
                    0.147498367327212,
                    0.556100401693791,
                    2.050259164199267
                ],
                [
                    0.0,
                    0.0,
                    0.0,
                    1.0
                ]
            ],
            "colmap_im_id": 209
        },
        {
            "file_path": "images/frame_00226.jpg",
            "transform_matrix": [
                [
                    -0.28012543153927094,
                    0.7243846070815256,
                    -0.6299179975427596,
                    -4.229063044634103
                ],
                [
                    -0.4908766823624873,
                    -0.6720013906202701,
                    -0.5544855396827051,
                    2.01124694470854
                ],
                [
                    -0.8249665601209144,
                    0.15388655570830803,
                    0.5438281922211268,
                    1.9940686055878776
                ],
                [
                    0.0,
                    0.0,
                    0.0,
                    1.0
                ]
            ],
            "colmap_im_id": 208
        },
        {
            "file_path": "images/frame_00225.jpg",
            "transform_matrix": [
                [
                    -0.25084757687548404,
                    0.7229396618712102,
                    -0.6437652821248112,
                    -4.368359177003221
                ],
                [
                    -0.4995219373992639,
                    -0.6663175114308798,
                    -0.55362334489926,
                    1.9418155996534885
                ],
                [
                    -0.8291883544964818,
                    0.18269980638768996,
                    0.5282683536928149,
                    1.967468615783591
                ],
                [
                    0.0,
                    0.0,
                    0.0,
                    1.0
                ]
            ],
            "colmap_im_id": 207
        },
        {
            "file_path": "images/frame_00224.jpg",
            "transform_matrix": [
                [
                    -0.21541718427302764,
                    0.7202281598964541,
                    -0.659444337614668,
                    -4.47548312981913
                ],
                [
                    -0.5118822596214654,
                    -0.6583688422425139,
                    -0.5518396686077166,
                    1.911713555441313
                ],
                [
                    -0.8316080741579551,
                    0.21868211005114185,
                    0.5104959801397824,
                    1.9088247522606168
                ],
                [
                    0.0,
                    0.0,
                    0.0,
                    1.0
                ]
            ],
            "colmap_im_id": 206
        },
        {
            "file_path": "images/frame_00223.jpg",
            "transform_matrix": [
                [
                    -0.1669234667889071,
                    0.714419607049544,
                    -0.679515401810987,
                    -4.523041908092185
                ],
                [
                    -0.5297749629749281,
                    -0.6462346740121941,
                    -0.5492897547827257,
                    1.9087768046181341
                ],
                [
                    -0.8315497849438036,
                    0.26830089669534796,
                    0.48635335301854976,
                    1.8564711575241741
                ],
                [
                    0.0,
                    0.0,
                    0.0,
                    1.0
                ]
            ],
            "colmap_im_id": 205
        },
        {
            "file_path": "images/frame_00222.jpg",
            "transform_matrix": [
                [
                    -0.13724802857856822,
                    0.7023675759402082,
                    -0.6984574195462258,
                    -4.574123687602557
                ],
                [
                    -0.5469971064000468,
                    -0.641606697401542,
                    -0.5377127592306717,
                    1.9176795823670807
                ],
                [
                    -0.8258069654836248,
                    0.3082541712894769,
                    0.4722522860096764,
                    1.8749728799267391
                ],
                [
                    0.0,
                    0.0,
                    0.0,
                    1.0
                ]
            ],
            "colmap_im_id": 204
        },
        {
            "file_path": "images/frame_00221.jpg",
            "transform_matrix": [
                [
                    -0.10422158785874915,
                    0.6906699309807406,
                    -0.7156206446597668,
                    -4.692767280911514
                ],
                [
                    -0.5582784628264426,
                    -0.6361099697354572,
                    -0.5326248814572033,
                    1.9522595539557772
                ],
                [
                    -0.8230814167312644,
                    0.3440045825889747,
                    0.45188253848698334,
                    1.8696393935143656
                ],
                [
                    0.0,
                    0.0,
                    0.0,
                    1.0
                ]
            ],
            "colmap_im_id": 203
        },
        {
            "file_path": "images/frame_00220.jpg",
            "transform_matrix": [
                [
                    -0.08473236791967172,
                    0.6773742643479062,
                    -0.7307424524590436,
                    -4.868793718754654
                ],
                [
                    -0.5622685075795733,
                    -0.6379624202351221,
                    -0.526173047344678,
                    1.9314472674305694
                ],
                [
                    -0.8226023044041174,
                    0.3662895799321599,
                    0.4349222831979955,
                    1.827334718566669
                ],
                [
                    0.0,
                    0.0,
                    0.0,
                    1.0
                ]
            ],
            "colmap_im_id": 202
        },
        {
            "file_path": "images/frame_00219.jpg",
            "transform_matrix": [
                [
                    -0.07143845865554065,
                    0.6640519286810811,
                    -0.7442658010683121,
                    -4.8851855276798135
                ],
                [
                    -0.5611729324672552,
                    -0.6436351056990528,
                    -0.5204025274514626,
                    1.8912072564802702
                ],
                [
                    -0.8246098995834463,
                    0.38048506767901563,
                    0.41862826801623554,
                    1.7164248105925575
                ],
                [
                    0.0,
                    0.0,
                    0.0,
                    1.0
                ]
            ],
            "colmap_im_id": 201
        },
        {
            "file_path": "images/frame_00218.jpg",
            "transform_matrix": [
                [
                    -0.06451935555360748,
                    0.649893955916027,
                    -0.757281386819169,
                    -4.944173140024978
                ],
                [
                    -0.567145817837455,
                    -0.6482728862300309,
                    -0.50802350958245,
                    1.9668348647593248
                ],
                [
                    -0.8210863986624254,
                    0.3967116220162983,
                    0.4104107879780529,
                    1.711272962129637
                ],
                [
                    0.0,
                    0.0,
                    0.0,
                    1.0
                ]
            ],
            "colmap_im_id": 200
        },
        {
            "file_path": "images/frame_00217.jpg",
            "transform_matrix": [
                [
                    -0.06136904655416819,
                    0.6274023135130092,
                    -0.7762732618888505,
                    -4.962909961892125
                ],
                [
                    -0.571495038592427,
                    -0.6597192062073485,
                    -0.4880204809486854,
                    2.048409106399754
                ],
                [
                    -0.8183075589222384,
                    0.41368696614671047,
                    0.39904364805251297,
                    1.6302405678115204
                ],
                [
                    0.0,
                    0.0,
                    0.0,
                    1.0
                ]
            ],
            "colmap_im_id": 199
        },
        {
            "file_path": "images/frame_00216.jpg",
            "transform_matrix": [
                [
                    -0.06693227918591181,
                    0.6091482290773784,
                    -0.7902268693323915,
                    -5.01928208452058
                ],
                [
                    -0.5747522901825334,
                    -0.6709370242741682,
                    -0.46851180816288657,
                    2.024099144017184
                ],
                [
                    -0.8155856024556294,
                    0.42282613976671096,
                    0.39501668394774136,
                    1.6006177306756777
                ],
                [
                    0.0,
                    0.0,
                    0.0,
                    1.0
                ]
            ],
            "colmap_im_id": 198
        },
        {
            "file_path": "images/frame_00213.jpg",
            "transform_matrix": [
                [
                    -0.05872408035317086,
                    0.5469953286813873,
                    -0.8350734056281609,
                    -5.095950676769478
                ],
                [
                    -0.5778290624542143,
                    -0.7007626742775308,
                    -0.41838409257844233,
                    1.8366722466025134
                ],
                [
                    -0.8140424171810446,
                    0.4579604619835034,
                    0.35722144153157775,
                    1.3513024046682935
                ],
                [
                    0.0,
                    0.0,
                    0.0,
                    1.0
                ]
            ],
            "colmap_im_id": 197
        },
        {
            "file_path": "images/frame_00212.jpg",
            "transform_matrix": [
                [
                    -0.037471026627774476,
                    0.5387681554593315,
                    -0.8416203400740799,
                    -5.113951616788762
                ],
                [
                    -0.57987518770022,
                    -0.6976331220606897,
                    -0.4207764177012413,
                    1.8383413957281585
                ],
                [
                    -0.8138431598613429,
                    0.4722678283207574,
                    0.3385593145670348,
                    1.1940563970853686
                ],
                [
                    0.0,
                    0.0,
                    0.0,
                    1.0
                ]
            ],
            "colmap_im_id": 196
        },
        {
            "file_path": "images/frame_00211.jpg",
            "transform_matrix": [
                [
                    -0.013169933800857117,
                    0.5398123375008079,
                    -0.8416823588062157,
                    -5.102730917924378
                ],
                [
                    -0.5826411648344025,
                    -0.6882318191798192,
                    -0.43228027494768645,
                    1.7770821852716057
                ],
                [
                    -0.8126228066477654,
                    0.4847056873509435,
                    0.323580856611694,
                    1.0548295720732128
                ],
                [
                    0.0,
                    0.0,
                    0.0,
                    1.0
                ]
            ],
            "colmap_im_id": 195
        },
        {
            "file_path": "images/frame_00209.jpg",
            "transform_matrix": [
                [
                    0.051903670366091156,
                    0.5433071178166025,
                    -0.8379280307594112,
                    -5.228312522107299
                ],
                [
                    -0.5778285680059495,
                    -0.6680025148745371,
                    -0.4689208740475173,
                    1.5216486203690571
                ],
                [
                    -0.8145060803939538,
                    0.5085174685800975,
                    0.279266591539639,
                    0.7461581140428372
                ],
                [
                    0.0,
                    0.0,
                    0.0,
                    1.0
                ]
            ],
            "colmap_im_id": 194
        },
        {
            "file_path": "images/frame_00208.jpg",
            "transform_matrix": [
                [
                    0.10046236327413913,
                    0.545287711538529,
                    -0.8322070807259746,
                    -5.219422874754982
                ],
                [
                    -0.5726754060062916,
                    -0.6522981279777259,
                    -0.49653804647003946,
                    1.4383424785203536
                ],
                [
                    -0.8136032158988211,
                    0.5264679134399627,
                    0.24674145009962956,
                    0.5106801441800656
                ],
                [
                    0.0,
                    0.0,
                    0.0,
                    1.0
                ]
            ],
            "colmap_im_id": 193
        },
        {
            "file_path": "images/frame_00207.jpg",
            "transform_matrix": [
                [
                    0.14935248796982656,
                    0.5486707114039266,
                    -0.8225899858281353,
                    -5.2695189517220085
                ],
                [
                    -0.566864959830896,
                    -0.6341217412829557,
                    -0.5258837652449335,
                    1.3241598752321717
                ],
                [
                    -0.8101592137679723,
                    0.5448394879960344,
                    0.21631454104400807,
                    0.34032276603066836
                ],
                [
                    0.0,
                    0.0,
                    0.0,
                    1.0
                ]
            ],
            "colmap_im_id": 192
        },
        {
            "file_path": "images/frame_00206.jpg",
            "transform_matrix": [
                [
                    0.20956183659221986,
                    0.5504472549768449,
                    -0.8081408640407636,
                    -5.340096093533355
                ],
                [
                    -0.5554416199123234,
                    -0.613181033189709,
                    -0.5616881941126898,
                    1.221657721998637
                ],
                [
                    -0.8047163745775711,
                    0.5665834801905691,
                    0.17724197150188012,
                    0.16713859485790633
                ],
                [
                    0.0,
                    0.0,
                    0.0,
                    1.0
                ]
