{
    "camera_model": "OPENCV",
    "w": 1080,
    "h": 1920,
    "fl_x": 1697.2122865040992,
    "fl_y": 1696.7894516913295,
    "frames": [
        {
            "file_path": "images/frame_00529.jpg",
            "pose_matrix_c2w": [
                [
                    1.0,
                    8.20985921796578e-15,
                    2.5151748901924148e-14,
                    -2.3420050144195557
                ],
                [
                    2.5151748901924148e-14,
                    1.0356759259878487e-13,
                    -1.0,
                    3.8243303298950195
                ],
                [
                    -8.20985921796578e-15,
                    1.0,
                    1.0356759259878487e-13,
                    1.7724919319152832
                ],
                [
                    0.0,
                    0.0,
                    0.0,
                    1.0
                ]
            ]
        },
        {
            "file_path": "images/frame_00527.jpg",
            "pose_matrix_c2w": [
                [
                    0.9984028935432434,
                    0.052059613168239594,
                    -0.0219427440315485,
                    -2.3265221118927
                ],
                [
                    -0.028295814990997314,
                    0.1246224045753479,
                    -0.9918006658554077,
                    3.8118062019348145
                ],
                [
                    -0.04889820143580437,
                    0.990837574005127,
                    0.12589643895626068,
                    2.106152296066284
                ],
                [
                    0.0,
                    0.0,
                    0.0,
                    1.0
                ]
            ]
        },
        {
            "file_path": "images/frame_00526.jpg",
            "pose_matrix_c2w": [
                [
                    0.9963812232017517,
                    0.0812540352344513,
                    -0.024945616722106934,
                    -2.3361051082611084
                ],
                [
                    -0.04021742567420006,
                    0.19213324785232544,
                    -0.9805444478988647,
                    3.873396873474121
                ],
                [
                    -0.07488030940294266,
                    0.9779992699623108,
                    0.1947057843208313,
                    2.2778921127319336
                ],
                [
                    0.0,
                    0.0,
                    0.0,
                    1.0
                ]
            ]
        },
        {
            "file_path": "images/frame_00525.jpg",
            "pose_matrix_c2w": [
                [
                    0.9930539131164551,
                    0.11451588571071625,
                    -0.027018751949071884,
                    -2.2945446968078613
                ],
                [
                    -0.0551651231944561,
                    0.2503224313259125,
                    -0.966589629650116,
                    3.972214460372925
                ],
                [
                    -0.10392646491527557,
                    0.9613661170005798,
                    0.2549009621143341,
                    2.3829233646392822
                ],
                [
                    0.0,
                    0.0,
                    0.0,
                    1.0
                ]
            ]
        },
        {
            "file_path": "images/frame_00523.jpg",
            "pose_matrix_c2w": [
                [
                    0.9834560751914978,
                    0.1727323681116104,
                    -0.05456837639212608,
                    -2.020475387573242
                ],
                [
                    -0.10346044600009918,
                    0.2883291244506836,
                    -0.9519255757331848,
                    3.875096082687378
                ],
                [
                    -0.148694708943367,
                    0.9418226480484009,
                    0.30142998695373535,
                    2.508291721343994
                ],
                [
                    0.0,
                    0.0,
                    0.0,
                    1.0
                ]
            ]
        },
        {
            "file_path": "images/frame_00522.jpg",
            "pose_matrix_c2w": [
                [
                    0.9755592346191406,
                    0.206294983625412,
                    -0.07567422091960907,
                    -1.8189152479171753
                ],
                [
                    -0.13438425958156586,
                    0.28765085339546204,
                    -0.9482604265213013,
                    3.789419412612915
                ],
                [
                    -0.17385362088680267,
                    0.9352536201477051,
                    0.30834323167800903,
                    2.533813714981079
                ],
                [
                    0.0,
                    0.0,
                    0.0,
                    1.0
                ]
            ]
        },
        {
            "file_path": "images/frame_00521.jpg",
            "pose_matrix_c2w": [
                [
                    0.9643508791923523,
                    0.24154604971408844,
                    -0.10808731615543365,
                    -1.5398343801498413
                ],
                [
                    -0.17559632658958435,
                    0.27852246165275574,
                    -0.9442410469055176,
                    3.6549224853515625
                ],
                [
                    -0.19797295331954956,
                    0.9295594692230225,
                    0.3110079765319824,
                    2.523238182067871
                ],
                [
                    0.0,
                    0.0,
                    0.0,
                    1.0
                ]
            ]
        },
        {
            "file_path": "images/frame_00520.jpg",
            "pose_matrix_c2w": [
                [
                    0.9491978883743286,
                    0.27726197242736816,
                    -0.14882591366767883,
                    -1.1993122100830078
                ],
                [
                    -0.22438476979732513,
                    0.26476848125457764,
                    -0.9378427863121033,
                    3.44950532913208
                ],
                [
                    -0.22062373161315918,
                    0.9235926866531372,
                    0.3135310709476471,
                    2.530961751937866
                ],
                [
                    0.0,
                    0.0,
                    0.0,
                    1.0
                ]
            ]
        },
        {
            "file_path": "images/frame_00518.jpg",
            "pose_matrix_c2w": [
                [
                    0.9045485854148865,
                    0.35576045513153076,
                    -0.2350027859210968,
                    -0.45620593428611755
                ],
                [
                    -0.32821187376976013,
                    0.2291746586561203,
                    -0.9163820147514343,
                    2.998511552810669
                ],
                [
                    -0.2721557915210724,
                    0.906042754650116,
                    0.3240644335746765,
                    2.5917816162109375
                ],
                [
                    0.0,
                    0.0,
                    0.0,
                    1.0
                ]
            ]
        },
        {
            "file_path": "images/frame_00517.jpg",
            "pose_matrix_c2w": [
                [
                    0.874260663986206,
                    0.39745357632637024,
                    -0.2787453532218933,
                    -0.10322055220603943
                ],
                [
                    -0.3813353180885315,
                    0.20692293345928192,
                    -0.9009807109832764,
                    2.7673192024230957
                ],
                [
                    -0.3004191815853119,
                    0.8939874768257141,
                    0.332467645406723,
                    2.5549118518829346
                ],
                [
                    0.0,
                    0.0,
                    0.0,
                    1.0
                ]
            ]
        },
        {
            "file_path": "images/frame_00516.jpg",
            "pose_matrix_c2w": [
                [
                    0.8324686884880066,
                    0.44610440731048584,
                    -0.32861340045928955,
                    0.3120863139629364
                ],
                [
                    -0.4423184096813202,
                    0.1778760403394699,
                    -0.879041850566864,
                    2.4862828254699707
                ],
                [
                    -0.3336919844150543,
                    0.8771265745162964,
                    0.34539639949798584,
                    2.4769911766052246
                ],
                [
                    0.0,
                    0.0,
                    0.0,
                    1.0
                ]
            ]
        },
        {
            "file_path": "images/frame_00514.jpg",
            "pose_matrix_c2w": [
                [
                    0.7412804961204529,
                    0.5284867286682129,
                    -0.41376933455467224,
                    1.1090701818466187
                ],
                [
                    -0.5452886819839478,
                    0.11473247408866882,
                    -0.8303593993186951,
                    2.0105698108673096
                ],
                [
                    -0.3913611173629761,
                    0.8411529064178467,
                    0.37322676181793213,
                    2.261270523071289
                ],
                [
                    0.0,
                    0.0,
                    0.0,
                    1.0
                ]
            ]
        },
        {
            "file_path": "images/frame_00513.jpg",
            "pose_matrix_c2w": [
                [
                    0.6978242993354797,
                    0.5619444251060486,
                    -0.4441392719745636,
                    1.4348907470703125
                ],
                [
                    -0.5831047892570496,
                    0.08558712154626846,
                    -0.8078760504722595,
                    1.8274056911468506
                ],
                [
                    -0.41596880555152893,
                    0.8227352499961853,
                    0.38739722967147827,
                    2.156320810317993
                ],
                [
                    0.0,
                    0.0,
                    0.0,
                    1.0
                ]
            ]
        },
        {
            "file_path": "images/frame_00512.jpg",
            "pose_matrix_c2w": [
                [
                    0.6486565470695496,
                    0.5962620973587036,
                    -0.47298645973205566,
                    1.7978136539459229
                ],
                [
                    -0.6187746524810791,
                    0.05132446065545082,
                    -0.7838901281356812,
                    1.5704278945922852
                ],
                [
                    -0.44312819838523865,
                    0.8011474609375,
                    0.40224385261535645,
                    2.001511812210083
                ],
                [
                    0.0,
                    0.0,
                    0.0,
                    1.0
                ]
            ]
        },
        {
            "file_path": "images/frame_00511.jpg",
            "pose_matrix_c2w": [
                [
                    0.6051124334335327,
                    0.6236160397529602,
                    -0.494916170835495,
                    2.0510952472686768
                ],
                [
                    -0.645285427570343,
                    0.02006627433001995,
                    -0.7636779546737671,
                    1.3112547397613525
                ],
                [
                    -0.4663107097148895,
                    0.7814732193946838,
                    0.4145526885986328,
                    1.8679577112197876
                ],
                [
                    0.0,
                    0.0,
                    0.0,
                    1.0
                ]
            ]
        },
        {
            "file_path": "images/frame_00509.jpg",
            "pose_matrix_c2w": [
                [
                    0.49796977639198303,
                    0.673184335231781,
                    -0.5466707944869995,
                    2.7322449684143066
                ],
                [
                    -0.7011674046516418,
                    -0.058387044817209244,
                    -0.7106020450592041,
                    0.7184627652168274
                ],
                [
                    -0.5102846622467041,
                    0.7371661067008972,
                    0.4429399073123932,
                    1.5404942035675049
                ],
                [
                    0.0,
                    0.0,
                    0.0,
                    1.0
                ]
            ]
        },
        {
            "file_path": "images/frame_00508.jpg",
            "pose_matrix_c2w": [
                [
                    0.4304419457912445,
                    0.6941921710968018,
                    -0.5769029259681702,
                    3.1046266555786133
                ],
                [
                    -0.7335571646690369,
                    -0.10337655246257782,
                    -0.6717195510864258,
                    0.41103699803352356
                ],
                [
                    -0.5259406566619873,
                    0.7123275399208069,
                    0.4647320508956909,
                    1.320794939994812
                ],
                [
                    0.0,
                    0.0,
                    0.0,
                    1.0
                ]
            ]
        },
        {
            "file_path": "images/frame_00507.jpg",
            "pose_matrix_c2w": [
                [
                    0.3719688355922699,
                    0.7086094617843628,
                    -0.5995929837226868,
                    3.374483585357666
                ],
                [
                    -0.7572372555732727,
                    -0.1419517993927002,
                    -0.637527585029602,
                    0.14507558941841125
                ],
                [
                    -0.5368713736534119,
                    0.6911745667457581,
                    0.48378387093544006,
                    1.1460931301116943
                ],
                [
                    0.0,
                    0.0,
                    0.0,
                    1.0
                ]
            ]
        },
        {
            "file_path": "images/frame_00505.jpg",
            "pose_matrix_c2w": [
                [
                    0.25196143984794617,
                    0.7196965217590332,
                    -0.6469562649726868,
                    3.8906185626983643
                ],
                [
                    -0.7931420207023621,
                    -0.22946256399154663,
                    -0.5641565918922424,
                    -0.4771658182144165
                ],
                [
                    -0.5544737577438354,
                    0.6552739143371582,
                    0.5130058526992798,
                    0.7830042839050293
                ],
                [
                    0.0,
                    0.0,
                    0.0,
                    1.0
                ]
            ]
        },
        {
            "file_path": "images/frame_00504.jpg",
            "pose_matrix_c2w": [
                [
                    0.19213473796844482,
                    0.7144219875335693,
                    -0.6728190779685974,
                    4.159823894500732
                ],
                [
                    -0.8041859865188599,
                    -0.2783263623714447,
                    -0.5251851081848145,
                    -0.8435291647911072
                ],
                [
                    -0.5624670386314392,
                    0.6419779658317566,
                    0.5210519433021545,
                    0.6242794394493103
                ],
                [
                    0.0,
                    0.0,
                    0.0,
                    1.0
                ]
            ]
        },
        {
            "file_path": "images/frame_00503.jpg",
            "pose_matrix_c2w": [
                [
                    0.14513340592384338,
                    0.7046954035758972,
                    -0.6945074796676636,
                    4.327204704284668
                ],
                [
                    -0.809624969959259,
                    -0.3188939392566681,
                    -0.4927617013454437,
                    -1.1910136938095093
                ],
                [
                    -0.5687211155891418,
                    0.6338067650794983,
                    0.5242568254470825,
                    0.5237778425216675
                ],
                [
                    0.0,
                    0.0,
                    0.0,
                    1.0
                ]
            ]
        },
        {
            "file_path": "images/frame_00502.jpg",
            "pose_matrix_c2w": [
                [
                    0.10338585078716278,
                    0.6860470175743103,
                    -0.7201741933822632,
                    4.535101413726807
                ],
                [
                    -0.8097756505012512,
                    -0.3623812794685364,
                    -0.4614577293395996,
                    -1.581213355064392
                ],
                [
                    -0.5775593519210815,
                    0.6308876872062683,
                    0.5180791020393372,
                    0.42096754908561707
                ],
                [
                    0.0,
                    0.0,
                    0.0,
                    1.0
                ]
            ]
        },
        {
            "file_path": "images/frame_00500.jpg",
            "pose_matrix_c2w": [
                [
                    0.06713151186704636,
                    0.6356856226921082,
                    -0.7690234780311584,
                    4.777509689331055
                ],
                [
                    -0.804155707359314,
                    -0.4217812120914459,
                    -0.4188486635684967,
                    -2.1814708709716797
                ],
                [
                    -0.5906157493591309,
                    0.6465325951576233,
                    0.48287543654441833,
                    0.34938928484916687
                ],
                [
                    0.0,
                    0.0,
                    0.0,
                    1.0
                ]
            ]
        },
        {
            "file_path": "images/frame_00499.jpg",
            "pose_matrix_c2w": [
                [
                    0.06311621516942978,
                    0.6076380610466003,
                    -0.7917022109031677,
                    4.826024055480957
                ],
                [
                    -0.8013068437576294,
                    -0.44202473759651184,
                    -0.403139591217041,
                    -2.427903413772583
                ],
                [
                    -0.5949149131774902,
                    0.659841001033783,
                    0.45900556445121765,
                    0.35510942339897156
                ],
                [
                    0.0,
                    0.0,
                    0.0,
                    1.0
                ]
            ]
        },
        {
            "file_path": "images/frame_00498.jpg",
            "pose_matrix_c2w": [
                [
                    0.06451096385717392,
                    0.5830153822898865,
                    -0.809895932674408,
                    4.79464864730835
                ],
                [
                    -0.7988830804824829,
                    -0.45618319511413574,
                    -0.39202386140823364,
                    -2.6294052600860596
                ],
                [
                    -0.5980168581008911,
                    0.6723020076751709,
                    0.4363322854042053,
                    0.41809892654418945
                ],
                [
                    0.0,
                    0.0,
                    0.0,
                    1.0
                ]
            ]
        },
        {
            "file_path": "images/frame_00496.jpg",
            "pose_matrix_c2w": [
                [
                    0.0945969745516777,
                    0.5356245636940002,
                    -0.8391410708427429,
                    4.506987571716309
                ],
                [
                    -0.7961119413375854,
                    -0.46538978815078735,
                    -0.3868050277233124,
                    -3.0380313396453857
                ],
                [
                    -0.5977099537849426,
                    0.704640805721283,
                    0.38239264488220215,
                    0.8591989874839783
                ],
                [
                    0.0,
                    0.0,
                    0.0,
                    1.0
                ]
            ]
        },
        {
            "file_path": "images/frame_00495.jpg",
            "pose_matrix_c2w": [
                [
                    0.11721854656934738,
                    0.526884138584137,
                    -0.8418152332305908,
                    4.3085784912109375
                ],
                [
                    -0.7931414246559143,
                    -0.4604533910751343,
                    -0.3986343443393707,
                    -3.0866003036499023
                ],
                [
                    -0.5976508259773254,
                    0.71440589427948,
                    0.3639199435710907,
                    1.1483317613601685
                ],
                [
                    0.0,
                    0.0,
                    0.0,
                    1.0
                ]
            ]
        },
        {
            "file_path": "images/frame_00494.jpg",
            "pose_matrix_c2w": [
                [
                    0.1409977227449417,
                    0.5253198146820068,
                    -0.8391416668891907,
                    4.287154197692871
                ],
                [
                    -0.7904092073440552,
                    -0.4506533443927765,
                    -0.41492757201194763,
                    -2.9458253383636475
                ],
                [
                    -0.5961316823959351,
                    0.7217690944671631,
                    0.3516765236854553,
                    1.2193037271499634
                ],
                [
                    0.0,
                    0.0,
                    0.0,
                    1.0
                ]
            ]
        },
        {
            "file_path": "images/frame_00493.jpg",
            "pose_matrix_c2w": [
                [
                    0.1723869889974594,
                    0.526999294757843,
                    -0.8321985602378845,
                    4.249269485473633
                ],
                [
                    -0.78703773021698,
                    -0.4343426525592804,
                    -0.43808454275131226,
                    -2.7637345790863037
                ],
                [
                    -0.5923295617103577,
                    0.7304917573928833,
                    0.33989328145980835,
                    1.23637855052948
                ],
                [
                    0.0,
                    0.0,
                    0.0,
                    1.0
                ]
            ]
        },
        {
            "file_path": "images/frame_00491.jpg",
            "pose_matrix_c2w": [
                [
                    0.21762214601039886,
                    0.5279048085212708,
                    -0.8209488987922668,
                    4.1671247482299805
                ],
                [
                    -0.7784174084663391,
                    -0.413547545671463,
                    -0.47227615118026733,
                    -2.4666199684143066
                ],
                [
                    -0.5888182520866394,
                    0.7418186664581299,
                    0.32093316316604614,
                    1.429496169090271
                ],
                [
                    0.0,
                    0.0,
                    0.0,
                    1.0
                ]
            ]
        },
        {
            "file_path": "images/frame_00490.jpg",
            "pose_matrix_c2w": [
                [
                    0.24567244946956635,
                    0.5257579684257507,
                    -0.8143854141235352,
                    4.1071577072143555
                ],
                [
                    -0.7705749869346619,
                    -0.4037776589393616,
                    -0.4931305944919586,
                    -2.2867183685302734
                ],
                [
                    -0.5880979895591736,
                    0.7486936450004578,
                    0.3059388995170593,
                    1.5360475778579712
                ],
                [
                    0.0,
                    0.0,
                    0.0,
                    1.0
                ]
            ]
        },
        {
            "file_path": "images/frame_00489.jpg",
            "pose_matrix_c2w": [
                [
                    0.28268831968307495,
                    0.5217719674110413,
                    -0.8048859238624573,
                    3.9750993251800537
                ],
                [
                    -0.7594665288925171,
                    -0.3908056318759918,
                    -0.5200783610343933,
                    -2.072535276412964
                ],
                [
                    -0.58591628074646,
                    0.7583039999008179,
                    0.28579217195510864,
                    1.6788363456726074
                ],
                [
                    0.0,
                    0.0,
                    0.0,
                    1.0
                ]
            ]
        },
        {
            "file_path": "images/frame_00487.jpg",
            "pose_matrix_c2w": [
                [
                    0.35713624954223633,
                    0.507128119468689,
                    -0.7843945026397705,
                    3.6552228927612305
                ],
                [
                    -0.7367502450942993,
                    -0.3632600009441376,
                    -0.5702992081642151,
                    -1.6323308944702148
                ],
                [
                    -0.5741539001464844,
                    0.7815774083137512,
                    0.24389345943927765,
                    1.8863779306411743
                ],
                [
                    0.0,
                    0.0,
                    0.0,
                    1.0
                ]
            ]
        },
        {
            "file_path": "images/frame_00486.jpg",
            "pose_matrix_c2w": [
                [
                    0.39206889271736145,
                    0.49889782071113586,
                    -0.7729055285453796,
                    3.478405714035034
                ],
                [
                    -0.7240226864814758,
                    -0.35096442699432373,
                    -0.5938140153884888,
                    -1.408685326576233
                ],
                [
                    -0.5675148963928223,
                    0.7924171686172485,
                    0.22361110150814056,
                    2.0102028846740723
                ],
                [
                    0.0,
                    0.0,
                    0.0,
                    1.0
                ]
            ]
        },
        {
            "file_path": "images/frame_00485.jpg",
            "pose_matrix_c2w": [
                [
                    0.436811625957489,
                    0.4866042137145996,
                    -0.7565791010856628,
                    3.1695556640625
                ],
                [
                    -0.7059550881385803,
                    -0.33582785725593567,
                    -0.6235760450363159,
                    -1.2244688272476196
                ],
                [
                    -0.5575150847434998,
                    0.8064961433410645,
                    0.19682720303535461,
                    2.2023866176605225
                ],
                [
                    0.0,
                    0.0,
                    0.0,
                    1.0
                ]
            ]
        },
        {
            "file_path": "images/frame_00484.jpg",
            "pose_matrix_c2w": [
                [
                    0.48236316442489624,
                    0.47258830070495605,
                    -0.737554132938385,
                    2.8743736743927
                ],
                [
                    -0.6851601004600525,
                    -0.3210599422454834,
                    -0.6538166403770447,
                    -1.0761796236038208
                ],
                [
                    -0.5457851886749268,
                    0.8207196593284607,
                    0.16893117129802704,
                    2.3674123287200928
                ],
                [
                    0.0,
                    0.0,
                    0.0,
                    1.0
                ]
            ]
        },
        {
            "file_path": "images/frame_00482.jpg",
            "pose_matrix_c2w": [
                [
                    0.581873893737793,
                    0.43481388688087463,
                    -0.6872842907905579,
                    2.110206365585327
                ],
                [
                    -0.6314752697944641,
                    -0.2909929156303406,
                    -0.7187225222587585,
                    -0.6448431611061096
                ],
                [
                    -0.5125054121017456,
                    0.8522089123725891,
                    0.10525304824113846,
                    2.6918530464172363
                ],
                [
                    0.0,
                    0.0,
                    0.0,
                    1.0
                ]
            ]
        },
        {
            "file_path": "images/frame_00481.jpg",
            "pose_matrix_c2w": [
                [
                    0.6320866346359253,
                    0.4100514352321625,
                    -0.6575137376785278,
                    1.7280586957931519
                ],
                [
                    -0.6009716987609863,
                    -0.27625104784965515,
                    -0.750012218952179,
                    -0.4117262363433838
                ],
                [
                    -0.4891824424266815,
                    0.8692198395729065,
                    0.07181470096111298,
                    2.8865890502929688
                ],
                [
                    0.0,
                    0.0,
                    0.0,
                    1.0
                ]
            ]
        },
        {
            "file_path": "images/frame_00480.jpg",
            "pose_matrix_c2w": [
                [
                    0.6748138666152954,
                    0.38866838812828064,
                    -0.6273460984230042,
                    1.4280561208724976
                ],
                [
                    -0.5722920298576355,
                    -0.261116623878479,
                    -0.777367353439331,
                    -0.22849734127521515
                ],
                [
                    -0.46594861149787903,
                    0.8836033940315247,
                    0.046226710081100464,
                    3.0679807662963867
                ],
                [
                    0.0,
                    0.0,
                    0.0,
                    1.0
                ]
            ]
        },
        {
            "file_path": "images/frame_00478.jpg",
            "pose_matrix_c2w": [
                [
                    0.7568897008895874,
                    0.34477943181991577,
                    -0.5551982522010803,
                    0.6495593190193176
                ],
                [
                    -0.5072554349899292,
                    -0.22572840750217438,
                    -0.8317082524299622,
                    0.042901281267404556
                ],
                [
                    -0.41207990050315857,
                    0.9111387729644775,
                    0.004039738327264786,
                    3.481658697128296
                ],
                [
                    0.0,
                    0.0,
                    0.0,
                    1.0
                ]
            ]
        },
        {
            "file_path": "images/frame_00477.jpg",
            "pose_matrix_c2w": [
                [
                    0.7949020862579346,
                    0.3231559097766876,
                    -0.5135181546211243,
                    0.13321934640407562
                ],
                [
                    -0.47146254777908325,
                    -0.20375554263591766,
                    -0.8580248951911926,
                    0.2006736397743225
                ],
                [
                    -0.38190799951553345,
                    0.9241504073143005,
                    -0.009609813801944256,
                    3.723006010055542
                ],
                [
                    0.0,
                    0.0,
                    0.0,
                    1.0
                ]
            ]
        },
        {
            "file_path": "images/frame_00476.jpg",
            "pose_matrix_c2w": [
                [
                    0.8306378722190857,
                    0.3009207546710968,
                    -0.46849483251571655,
                    -0.29981285333633423
                ],
                [
                    -0.432439386844635,
                    -0.18139950931072235,
                    -0.8832272887229919,
                    0.3937045633792877
                ],
                [
                    -0.3507661521434784,
                    0.936237633228302,
                    -0.02054731361567974,
                    3.9261953830718994
                ],
                [
                    0.0,
                    0.0,
                    0.0,
                    1.0
                ]
            ]
        },
        {
            "file_path": "images/frame_00475.jpg",
            "pose_matrix_c2w": [
                [
                    0.860139012336731,
                    0.28046852350234985,
                    -0.42602619528770447,
                    -0.6692755818367004
                ],
                [
                    -0.39498206973075867,
                    -0.16221566498279572,
                    -0.9042539596557617,
                    0.6149705648422241
                ],
                [
                    -0.3227229118347168,
                    0.9460567831993103,
                    -0.028747977688908577,
                    4.079291343688965
                ],
                [
                    0.0,
                    0.0,
                    0.0,
                    1.0
                ]
            ]
        },
        {
            "file_path": "images/frame_00470.jpg",
            "pose_matrix_c2w": [
                [
                    0.9660401940345764,
                    0.15560932457447052,
                    -0.20628155767917633,
                    -2.543405055999756
                ],
                [
                    -0.18873658776283264,
                    -0.12030859291553497,
                    -0.9746303558349609,
                    1.2969069480895996
                ],
                [
                    -0.1764790117740631,
                    0.9804649949073792,
                    -0.0868537649512291,
                    4.47979736328125
                ],
                [
                    0.0,
                    0.0,
                    0.0,
                    1.0
                ]
            ]
        },
        {
            "file_path": "images/frame_00469.jpg",
            "pose_matrix_c2w": [
                [
                    0.9711256623268127,
                    0.14173337817192078,
                    -0.19190256297588348,
                    -2.829928159713745
                ],
                [
                    -0.17375577986240387,
                    -0.13098925352096558,
                    -0.9760382771492004,
                    1.3323614597320557
                ],
                [
                    -0.16347436606884003,
                    0.9812000393867493,
                    -0.10258003324270248,
                    4.5317277908325195
                ],
                [
                    0.0,
                    0.0,
                    0.0,
                    1.0
                ]
            ]
        },
        {
            "file_path": "images/frame_00468.jpg",
            "pose_matrix_c2w": [
                [
                    0.9745140075683594,
                    0.12785132229328156,
                    -0.18432708084583282,
                    -3.1591663360595703
                ],
                [
                    -0.16494308412075043,
                    -0.14852984249591827,
                    -0.9750552177429199,
                    1.3601715564727783
                ],
                [
                    -0.15204016864299774,
                    0.9806084632873535,
                    -0.12365622073411942,
                    4.705234527587891
                ],
                [
                    0.0,
                    0.0,
                    0.0,
                    1.0
                ]
            ]
        },
        {
            "file_path": "images/frame_00450.jpg",
            "pose_matrix_c2w": [
                [
                    0.7501952648162842,
                    0.11567071080207825,
                    -0.6510202288627625,
                    -1.0570296049118042
                ],
                [
                    -0.5326690077781677,
                    -0.4776152968406677,
                    -0.6986754536628723,
                    -1.7105274200439453
                ],
                [
                    -0.39175352454185486,
                    0.8709213137626648,
                    -0.29669055342674255,
                    6.010485649108887
                ],
                [
                    0.0,
                    0.0,
                    0.0,
                    1.0
                ]
            ]
