{
    "camera_model": "OPENCV",
    "w": 1920,
    "h": 1080,
    "fl_x": 1731.7167180270376,
    "fl_y": 1737.0515248875124,
    "frames": [
        {
            "file_path": "images/frame_00277.jpg",
            "pose_matrix_c2w": [
                [
                    1.0,
                    1.1421189819902592e-14,
                    4.13561718914544e-15,
                    -0.7564657330513
                ],
                [
                    4.13561718914544e-15,
                    1.465832358651161e-14,
                    -1.0,
                    -1.7977410554885864
                ],
                [
                    -1.1421189819902592e-14,
                    1.0,
                    1.465832358651161e-14,
                    -0.5845401287078857
                ],
                [
                    0.0,
                    0.0,
                    0.0,
                    1.0
                ]
            ]
        },
        {
            "file_path": "images/frame_00276.jpg",
            "pose_matrix_c2w": [
                [
                    0.9991181492805481,
                    0.03509804978966713,
                    -0.02304357849061489,
                    -0.7972553968429565
                ],
                [
                    -0.022841159254312515,
                    -0.006157371215522289,
                    -0.9997201561927795,
                    -1.7490088939666748
                ],
                [
                    -0.0352301150560379,
                    0.9993649125099182,
                    -0.005350261460989714,
                    -0.5427739024162292
                ],
                [
                    0.0,
                    0.0,
                    0.0,
                    1.0
                ]
            ]
        },
        {
            "file_path": "images/frame_00273.jpg",
            "pose_matrix_c2w": [
                [
                    0.9585775136947632,
                    0.23871953785419464,
                    -0.15537743270397186,
                    -1.2963030338287354
                ],
                [
                    -0.14979630708694458,
                    -0.04146195203065872,
                    -0.9878471493721008,
                    -1.6016809940338135
                ],
                [
                    -0.2422606647014618,
                    0.9702030420303345,
                    -0.003985187038779259,
                    -0.29116931557655334
                ],
                [
                    0.0,
                    0.0,
                    0.0,
                    1.0
                ]
            ]
        },
        {
            "file_path": "images/frame_00272.jpg",
            "pose_matrix_c2w": [
                [
                    0.9286175966262817,
                    0.3170633316040039,
                    -0.19271788001060486,
                    -1.5288182497024536
                ],
                [
                    -0.18342526257038116,
                    -0.05920682102441788,
                    -0.9812490344047546,
                    -1.5995675325393677
                ],
                [
                    -0.32252830266952515,
                    0.9465544819831848,
                    0.003176930593326688,
                    -0.2625519633293152
                ],
                [
                    0.0,
                    0.0,
                    0.0,
                    1.0
                ]
            ]
        },
        {
            "file_path": "images/frame_00271.jpg",
            "pose_matrix_c2w": [
                [
                    0.9048833250999451,
                    0.3680846095085144,
                    -0.21377524733543396,
                    -1.5637669563293457
                ],
                [
                    -0.2016313225030899,
                    -0.07164359092712402,
                    -0.9768377542495728,
                    -1.56412935256958
                ],
                [
                    -0.3748745620250702,
                    0.9270280003547668,
                    0.009388293139636517,
                    -0.21360257267951965
                ],
                [
                    0.0,
                    0.0,
                    0.0,
                    1.0
                ]
            ]
        },
        {
            "file_path": "images/frame_00270.jpg",
            "pose_matrix_c2w": [
                [
                    0.8807274699211121,
                    0.4154052734375,
                    -0.2275030016899109,
                    -1.5317202806472778
                ],
                [
                    -0.2139502614736557,
                    -0.07959512621164322,
                    -0.9735963940620422,
                    -1.558670163154602
                ],
                [
                    -0.4225451946258545,
                    0.9061473608016968,
                    0.018774451687932014,
                    -0.13567550480365753
                ],
                [
                    0.0,
                    0.0,
                    0.0,
                    1.0
                ]
            ]
        },
        {
            "file_path": "images/frame_00269.jpg",
            "pose_matrix_c2w": [
                [
                    0.8572913408279419,
                    0.45681262016296387,
                    -0.23743171989917755,
                    -1.5552467107772827
                ],
                [
                    -0.2245803326368332,
                    -0.0831669345498085,
                    -0.9709000587463379,
                    -1.5317084789276123
                ],
                [
                    -0.46326586604118347,
                    0.8856666684150696,
                    0.031292833387851715,
                    -0.07101926952600479
                ],
                [
                    0.0,
                    0.0,
                    0.0,
                    1.0
                ]
            ]
        },
        {
            "file_path": "images/frame_00267.jpg",
            "pose_matrix_c2w": [
                [
                    0.7855957746505737,
                    0.5596379041671753,
                    -0.2639027237892151,
                    -1.8043371438980103
                ],
                [
                    -0.2558583617210388,
                    -0.09451648592948914,
                    -0.9620826840400696,
                    -1.5336755514144897
                ],
                [
                    -0.5633611083030701,
                    0.8233298659324646,
                    0.06893628090620041,
                    -0.13603033125400543
                ],
                [
                    0.0,
                    0.0,
                    0.0,
                    1.0
                ]
            ]
        },
        {
            "file_path": "images/frame_00266.jpg",
            "pose_matrix_c2w": [
                [
                    0.7529946565628052,
                    0.5995327830314636,
                    -0.27121859788894653,
                    -1.86080801486969
                ],
                [
                    -0.26672080159187317,
                    -0.098709337413311,
                    -0.9587056040763855,
                    -1.5516276359558105
                ],
                [
                    -0.6015472412109375,
                    0.7942398190498352,
                    0.0855802521109581,
                    -0.17319798469543457
                ],
                [
                    0.0,
                    0.0,
                    0.0,
                    1.0
                ]
            ]
        },
        {
            "file_path": "images/frame_00262.jpg",
            "pose_matrix_c2w": [
                [
                    0.6504709720611572,
                    0.7027609944343567,
                    -0.28812235593795776,
                    -1.9962393045425415
                ],
                [
                    -0.31047239899635315,
                    -0.10018400847911835,
                    -0.945288360118866,
                    -1.6876388788223267
                ],
                [
                    -0.6931770443916321,
                    0.7043367028236389,
                    0.15302109718322754,
                    0.03329485282301903
                ],
                [
                    0.0,
                    0.0,
                    0.0,
                    1.0
                ]
            ]
        },
        {
            "file_path": "images/frame_00252.jpg",
            "pose_matrix_c2w": [
                [
                    0.2841622233390808,
                    0.8800402879714966,
                    -0.380500853061676,
                    -2.566499710083008
                ],
                [
                    -0.4366357624530792,
                    -0.234535351395607,
                    -0.8685288429260254,
                    -1.3808152675628662
                ],
                [
                    -0.8535813093185425,
                    0.41294339299201965,
                    0.3176109790802002,
                    0.8500829339027405
                ],
                [
                    0.0,
                    0.0,
                    0.0,
                    1.0
                ]
            ]
        },
        {
            "file_path": "images/frame_00243.jpg",
            "pose_matrix_c2w": [
                [
                    0.12583015859127045,
                    0.8733278512954712,
                    -0.4706009328365326,
                    -2.913128137588501
                ],
                [
                    -0.5214616656303406,
                    -0.34532538056373596,
                    -0.7802743911743164,
                    0.1477130651473999
                ],
                [
                    -0.8439458012580872,
                    0.3435823917388916,
                    0.4119546115398407,
                    1.0376651287078857
                ],
                [
                    0.0,
                    0.0,
                    0.0,
                    1.0
                ]
            ]
        },
        {
            "file_path": "images/frame_00242.jpg",
            "pose_matrix_c2w": [
                [
                    0.11236608773469925,
                    0.8757069110870361,
                    -0.46958622336387634,
                    -2.9034507274627686
                ],
                [
                    -0.5265257954597473,
                    -0.34830841422080994,
                    -0.7755332589149475,
                    0.3102378845214844
                ],
                [
                    -0.842700719833374,
                    0.33439287543296814,
                    0.42194420099258423,
                    1.0034693479537964
                ],
                [
                    0.0,
                    0.0,
                    0.0,
                    1.0
                ]
            ]
        },
        {
            "file_path": "images/frame_00241.jpg",
            "pose_matrix_c2w": [
                [
                    0.09862353652715683,
                    0.8771025538444519,
                    -0.4700685739517212,
                    -2.797691583633423
                ],
                [
                    -0.5291245579719543,
                    -0.35384151339530945,
                    -0.7712479829788208,
                    0.3100193440914154
                ],
                [
                    -0.842793345451355,
                    0.32478803396224976,
                    0.4291993975639343,
                    1.0715316534042358
                ],
                [
                    0.0,
                    0.0,
                    0.0,
                    1.0
                ]
            ]
        },
        {
            "file_path": "images/frame_00240.jpg",
            "pose_matrix_c2w": [
                [
                    0.0804518312215805,
                    0.8713083863258362,
                    -0.48409631848335266,
                    -2.8146002292633057
                ],
                [
                    -0.5356999635696411,
                    -0.3717700242996216,
                    -0.7581639289855957,
                    0.35076552629470825
                ],
                [
                    -0.8405671119689941,
                    0.3203260600566864,
                    0.43685030937194824,
                    1.0918216705322266
                ],
                [
                    0.0,
                    0.0,
                    0.0,
                    1.0
                ]
            ]
        },
        {
            "file_path": "images/frame_00239.jpg",
            "pose_matrix_c2w": [
                [
                    0.06154763698577881,
                    0.8639997243881226,
                    -0.49971628189086914,
                    -2.8813424110412598
                ],
                [
                    -0.5409072637557983,
                    -0.3918963074684143,
                    -0.7442020177841187,
                    0.3952423334121704
                ],
                [
                    -0.8388272523880005,
                    0.31610405445098877,
                    0.4432234466075897,
                    1.170749306678772
                ],
                [
                    0.0,
                    0.0,
                    0.0,
                    1.0
                ]
            ]
        },
        {
            "file_path": "images/frame_00238.jpg",
            "pose_matrix_c2w": [
                [
                    0.037411537021398544,
                    0.8572444319725037,
                    -0.5135487914085388,
                    -3.000062942504883
                ],
                [
                    -0.5469757318496704,
                    -0.41252249479293823,
                    -0.7284523248672485,
                    0.5598689913749695
                ],
                [
                    -0.8363121151924133,
                    0.3081512451171875,
                    0.4534587860107422,
                    1.2337181568145752
                ],
                [
                    0.0,
                    0.0,
                    0.0,
                    1.0
                ]
            ]
        },
        {
            "file_path": "images/frame_00237.jpg",
            "pose_matrix_c2w": [
                [
                    0.013207457028329372,
                    0.8518601655960083,
                    -0.5236027240753174,
                    -3.0744283199310303
                ],
                [
                    -0.5513880252838135,
                    -0.43063175678253174,
                    -0.7145121097564697,
                    0.6695481538772583
                ],
                [
                    -0.8341443538665771,
                    0.2981451749801636,
                    0.46401795744895935,
                    1.2660701274871826
                ],
                [
                    0.0,
                    0.0,
                    0.0,
                    1.0
                ]
            ]
        },
        {
            "file_path": "images/frame_00236.jpg",
            "pose_matrix_c2w": [
                [
                    -0.009668058715760708,
                    0.8465293645858765,
                    -0.5322542190551758,
                    -3.0839786529541016
                ],
                [
                    -0.5543420910835266,
                    -0.4475381374359131,
                    -0.7017225027084351,
                    0.6884034872055054
                ],
                [
                    -0.8322327733039856,
                    0.2882666289806366,
                    0.47359368205070496,
                    1.2766340970993042
                ],
                [
                    0.0,
                    0.0,
                    0.0,
                    1.0
                ]
            ]
        },
        {
            "file_path": "images/frame_00235.jpg",
            "pose_matrix_c2w": [
                [
                    -0.034962624311447144,
                    0.8408763408660889,
                    -0.5400968194007874,
                    -3.0327656269073486
                ],
                [
                    -0.5558648109436035,
                    -0.4654814898967743,
                    -0.6887243986129761,
                    0.6820462346076965
                ],
                [
                    -0.8305371403694153,
                    0.2761411964893341,
                    0.48368799686431885,
                    1.3457820415496826
                ],
                [
                    0.0,
                    0.0,
                    0.0,
                    1.0
                ]
            ]
        },
        {
            "file_path": "images/frame_00233.jpg",
            "pose_matrix_c2w": [
                [
                    -0.09838318079710007,
                    0.8092691898345947,
                    -0.579140841960907,
                    -3.1589860916137695
                ],
                [
                    -0.5578189492225647,
                    -0.5267878770828247,
                    -0.641352117061615,
                    1.1469836235046387
                ],
                [
                    -0.8241108655929565,
                    0.259957492351532,
                    0.5032527446746826,
                    1.6736829280853271
                ],
                [
                    0.0,
                    0.0,
                    0.0,
                    1.0
                ]
            ]
        },
        {
            "file_path": "images/frame_00232.jpg",
            "pose_matrix_c2w": [
                [
                    -0.13583487272262573,
                    0.7925949096679688,
                    -0.5944259762763977,
                    -3.310267210006714
                ],
                [
                    -0.5526368618011475,
                    -0.5585880875587463,
                    -0.6185239553451538,
                    1.358575701713562
                ],
                [
                    -0.8222782015800476,
                    0.2444845736026764,
                    0.5138928890228271,
                    1.7782939672470093
                ],
                [
                    0.0,
                    0.0,
                    0.0,
                    1.0
                ]
            ]
        },
        {
            "file_path": "images/frame_00231.jpg",
            "pose_matrix_c2w": [
                [
                    -0.18471229076385498,
                    0.7681166529655457,
                    -0.6130890250205994,
                    -3.50531268119812
                ],
                [
                    -0.539910078048706,
                    -0.6005653142929077,
                    -0.5897613167762756,
                    1.4813168048858643
                ],
                [
                    -0.8212054967880249,
                    0.22207677364349365,
                    0.5256457328796387,
                    1.9779490232467651
                ],
                [
                    0.0,
                    0.0,
                    0.0,
                    1.0
                ]
            ]
        },
        {
            "file_path": "images/frame_00230.jpg",
            "pose_matrix_c2w": [
                [
                    -0.2283143848180771,
                    0.7506358623504639,
                    -0.6200147867202759,
                    -3.696854829788208
                ],
                [
                    -0.5207027196884155,
                    -0.6322466731071472,
                    -0.573701024055481,
                    1.5711749792099
                ],
                [
                    -0.8226428031921387,
                    0.1918592005968094,
                    0.5352091789245605,
                    2.0043447017669678
                ],
                [
                    0.0,
                    0.0,
                    0.0,
                    1.0
                ]
            ]
        },
        {
            "file_path": "images/frame_00229.jpg",
            "pose_matrix_c2w": [
                [
                    -0.2707587480545044,
                    0.7316939234733582,
                    -0.6255506873130798,
                    -3.9013161659240723
                ],
                [
                    -0.505533754825592,
                    -0.6610817909240723,
                    -0.5544424653053284,
                    1.70461905002594
                ],
                [
                    -0.8192223906517029,
                    0.1661168336868286,
                    0.548889696598053,
                    2.0287253856658936
                ],
                [
                    0.0,
                    0.0,
                    0.0,
                    1.0
                ]
            ]
        },
        {
            "file_path": "images/frame_00228.jpg",
            "pose_matrix_c2w": [
                [
                    -0.2892236113548279,
                    0.7293432950973511,
                    -0.6200065016746521,
                    -4.023674488067627
                ],
                [
                    -0.4976575970649719,
                    -0.6678422689437866,
                    -0.5534651279449463,
                    1.8121907711029053
                ],
                [
                    -0.8177326321601868,
                    0.1484757512807846,
                    0.5561189651489258,
                    1.9706611633300781
                ],
                [
                    0.0,
                    0.0,
                    0.0,
                    1.0
                ]
            ]
        },
        {
            "file_path": "images/frame_00227.jpg",
            "pose_matrix_c2w": [
                [
                    -0.29387998580932617,
                    0.7238532304763794,
                    -0.6242364048957825,
                    -4.188571453094482
                ],
                [
                    -0.49460890889167786,
                    -0.674003541469574,
                    -0.5487087368965149,
                    1.956354022026062
                ],
                [
                    -0.8179221153259277,
                    0.14749836921691895,
                    0.5561004281044006,
                    2.0502591133117676
                ],
                [
                    0.0,
                    0.0,
                    0.0,
                    1.0
                ]
            ]
        },
        {
            "file_path": "images/frame_00226.jpg",
            "pose_matrix_c2w": [
                [
                    -0.2801254391670227,
                    0.724384605884552,
                    -0.6299179792404175,
                    -4.229063034057617
                ],
                [
                    -0.4908766746520996,
                    -0.6720013618469238,
                    -0.554485559463501,
                    2.011246919631958
                ],
                [
                    -0.824966549873352,
                    0.1538865566253662,
                    0.5438281893730164,
                    1.9940686225891113
                ],
                [
                    0.0,
                    0.0,
                    0.0,
                    1.0
                ]
            ]
        },
        {
            "file_path": "images/frame_00225.jpg",
            "pose_matrix_c2w": [
                [
                    -0.25084757804870605,
                    0.722939670085907,
                    -0.6437652707099915,
                    -4.368359088897705
                ],
                [
                    -0.499521940946579,
                    -0.6663175225257874,
                    -0.5536233186721802,
                    1.9418156147003174
                ],
                [
                    -0.829188346862793,
                    0.1826997995376587,
                    0.5282683372497559,
                    1.9674686193466187
                ],
                [
                    0.0,
                    0.0,
                    0.0,
                    1.0
                ]
            ]
        },
        {
            "file_path": "images/frame_00224.jpg",
            "pose_matrix_c2w": [
                [
                    -0.21541719138622284,
                    0.7202281355857849,
                    -0.6594443321228027,
                    -4.475482940673828
                ],
                [
                    -0.5118822455406189,
                    -0.6583688259124756,
                    -0.5518396496772766,
                    1.9117136001586914
                ],
                [
                    -0.8316080570220947,
                    0.21868211030960083,
                    0.5104959607124329,
                    1.9088248014450073
                ],
                [
                    0.0,
                    0.0,
                    0.0,
                    1.0
                ]
            ]
        },
        {
            "file_path": "images/frame_00223.jpg",
            "pose_matrix_c2w": [
                [
                    -0.16692346334457397,
                    0.7144196033477783,
                    -0.6795154213905334,
                    -4.523041725158691
                ],
                [
                    -0.5297749638557434,
                    -0.6462346911430359,
                    -0.5492897629737854,
                    1.9087767601013184
                ],
                [
                    -0.8315497636795044,
                    0.2683008909225464,
                    0.4863533675670624,
                    1.8564711809158325
                ],
                [
                    0.0,
                    0.0,
                    0.0,
                    1.0
                ]
            ]
        },
        {
            "file_path": "images/frame_00222.jpg",
            "pose_matrix_c2w": [
                [
                    -0.13724802434444427,
                    0.7023676037788391,
                    -0.6984574198722839,
                    -4.574123859405518
                ],
                [
                    -0.5469971299171448,
                    -0.6416066884994507,
                    -0.5377127528190613,
                    1.9176795482635498
                ],
                [
                    -0.8258069753646851,
                    0.3082541823387146,
                    0.4722522795200348,
                    1.874972939491272
                ],
                [
                    0.0,
                    0.0,
                    0.0,
                    1.0
                ]
            ]
        },
        {
            "file_path": "images/frame_00221.jpg",
            "pose_matrix_c2w": [
                [
                    -0.10422158986330032,
                    0.6906699538230896,
                    -0.7156206369400024,
                    -4.692767143249512
                ],
                [
                    -0.5582784414291382,
                    -0.6361099481582642,
                    -0.5326249003410339,
                    1.9522595405578613
                ],
                [
                    -0.8230814337730408,
                    0.3440045714378357,
                    0.451882541179657,
                    1.8696393966674805
                ],
                [
                    0.0,
                    0.0,
                    0.0,
                    1.0
                ]
            ]
        },
        {
            "file_path": "images/frame_00220.jpg",
            "pose_matrix_c2w": [
                [
                    -0.08473236858844757,
                    0.6773742437362671,
                    -0.7307424545288086,
                    -4.868793487548828
                ],
                [
                    -0.5622684955596924,
                    -0.6379624009132385,
                    -0.5261730551719666,
                    1.9314472675323486
                ],
                [
                    -0.8226023316383362,
                    0.36628958582878113,
                    0.4349222779273987,
                    1.8273347616195679
                ],
                [
                    0.0,
                    0.0,
                    0.0,
                    1.0
                ]
            ]
        },
        {
            "file_path": "images/frame_00219.jpg",
            "pose_matrix_c2w": [
                [
                    -0.07143846154212952,
                    0.6640519499778748,
                    -0.7442657947540283,
                    -4.885185718536377
                ],
                [
                    -0.5611729621887207,
                    -0.643635094165802,
                    -0.5204025506973267,
                    1.891207218170166
                ],
                [
                    -0.8246098756790161,
                    0.38048505783081055,
                    0.4186282753944397,
                    1.716424822807312
                ],
                [
                    0.0,
                    0.0,
                    0.0,
                    1.0
                ]
            ]
        },
        {
            "file_path": "images/frame_00218.jpg",
            "pose_matrix_c2w": [
                [
                    -0.06451935321092606,
                    0.6498939394950867,
                    -0.7572813630104065,
                    -4.944173336029053
                ],
                [
                    -0.567145824432373,
                    -0.6482728719711304,
                    -0.5080235004425049,
                    1.9668349027633667
                ],
                [
                    -0.8210864067077637,
                    0.3967116177082062,
                    0.4104107916355133,
                    1.711272954940796
                ],
                [
                    0.0,
                    0.0,
                    0.0,
                    1.0
                ]
            ]
        },
        {
            "file_path": "images/frame_00217.jpg",
            "pose_matrix_c2w": [
                [
                    -0.061369046568870544,
                    0.6274023056030273,
                    -0.776273250579834,
                    -4.962910175323486
                ],
                [
                    -0.5714950561523438,
                    -0.6597192287445068,
                    -0.48802047967910767,
                    2.0484092235565186
                ],
                [
                    -0.8183075785636902,
                    0.41368696093559265,
                    0.39904364943504333,
                    1.630240559577942
                ],
                [
                    0.0,
                    0.0,
                    0.0,
                    1.0
                ]
            ]
        },
        {
            "file_path": "images/frame_00216.jpg",
            "pose_matrix_c2w": [
                [
                    -0.06693227589130402,
                    0.6091482043266296,
                    -0.7902268767356873,
                    -5.01928186416626
                ],
                [
                    -0.5747522711753845,
                    -0.6709370017051697,
                    -0.46851181983947754,
                    2.024099111557007
                ],
                [
                    -0.8155856132507324,
                    0.4228261411190033,
                    0.3950166702270508,
                    1.60061776638031
                ],
                [
                    0.0,
                    0.0,
                    0.0,
                    1.0
                ]
            ]
        },
        {
            "file_path": "images/frame_00213.jpg",
            "pose_matrix_c2w": [
                [
                    -0.05872407928109169,
                    0.5469953417778015,
                    -0.8350734114646912,
                    -5.095950603485107
                ],
                [
                    -0.5778290629386902,
                    -0.7007626891136169,
                    -0.4183841049671173,
                    1.836672306060791
                ],
                [
                    -0.8140423893928528,
                    0.45796045660972595,
                    0.35722145438194275,
                    1.3513023853302002
                ],
                [
                    0.0,
                    0.0,
                    0.0,
                    1.0
                ]
            ]
        },
        {
            "file_path": "images/frame_00212.jpg",
            "pose_matrix_c2w": [
                [
                    -0.03747102618217468,
                    0.5387681722640991,
                    -0.8416203260421753,
                    -5.113951683044434
                ],
                [
                    -0.5798751711845398,
                    -0.6976331472396851,
                    -0.4207764267921448,
                    1.8383413553237915
                ],
                [
                    -0.8138431310653687,
                    0.47226783633232117,
                    0.3385592997074127,
                    1.1940563917160034
                ],
                [
                    0.0,
                    0.0,
                    0.0,
                    1.0
                ]
            ]
        },
        {
            "file_path": "images/frame_00211.jpg",
            "pose_matrix_c2w": [
                [
                    -0.013169934041798115,
                    0.5398123264312744,
                    -0.8416823744773865,
                    -5.102730751037598
                ],
                [
                    -0.5826411843299866,
                    -0.6882318258285522,
                    -0.4322802722454071,
                    1.7770822048187256
                ],
                [
                    -0.8126227855682373,
                    0.48470568656921387,
                    0.32358086109161377,
                    1.0548295974731445
                ],
                [
                    0.0,
                    0.0,
                    0.0,
                    1.0
                ]
            ]
        },
        {
            "file_path": "images/frame_00209.jpg",
            "pose_matrix_c2w": [
                [
                    0.05190366879105568,
                    0.5433071255683899,
                    -0.837928056716919,
                    -5.2283124923706055
                ],
                [
                    -0.577828586101532,
                    -0.6680024862289429,
                    -0.46892088651657104,
                    1.521648645401001
                ],
                [
                    -0.8145060539245605,
                    0.5085174441337585,
                    0.2792665958404541,
                    0.7461581230163574
                ],
                [
                    0.0,
                    0.0,
                    0.0,
                    1.0
                ]
            ]
        },
        {
            "file_path": "images/frame_00208.jpg",
            "pose_matrix_c2w": [
                [
                    0.10046236217021942,
                    0.5452877283096313,
                    -0.8322070837020874,
                    -5.219422817230225
                ],
                [
                    -0.5726754069328308,
                    -0.6522981524467468,
                    -0.49653804302215576,
                    1.4383424520492554
                ],
                [
                    -0.8136032223701477,
                    0.5264679193496704,
                    0.24674144387245178,
                    0.5106801390647888
                ],
                [
                    0.0,
                    0.0,
                    0.0,
                    1.0
                ]
            ]
        },
        {
            "file_path": "images/frame_00207.jpg",
            "pose_matrix_c2w": [
                [
                    0.14935249090194702,
                    0.5486707091331482,
                    -0.8225899934768677,
                    -5.269518852233887
                ],
                [
                    -0.5668649673461914,
                    -0.6341217160224915,
                    -0.5258837938308716,
                    1.324159860610962
                ],
                [
                    -0.8101592063903809,
                    0.5448395013809204,
                    0.21631453931331635,
                    0.3403227627277374
                ],
                [
                    0.0,
                    0.0,
                    0.0,
                    1.0
                ]
            ]
        },
        {
            "file_path": "images/frame_00206.jpg",
            "pose_matrix_c2w": [
                [
                    0.20956183969974518,
                    0.5504472255706787,
                    -0.8081408739089966,
                    -5.3400959968566895
                ],
                [
                    -0.5554416179656982,
                    -0.6131810545921326,
                    -0.5616881847381592,
                    1.2216577529907227
                ],
                [
                    -0.8047163486480713,
                    0.5665834546089172,
                    0.1772419661283493,
                    0.16713859140872955
                ],
                [
                    0.0,
                    0.0,
                    0.0,
                    1.0
                ]
            ]
        },
        {
            "file_path": "images/frame_00205.jpg",
            "pose_matrix_c2w": [
                [
                    0.26620420813560486,
                    0.5459754467010498,
                    -0.7943841218948364,
                    -5.252978324890137
                ],
                [
                    -0.5450029373168945,
                    -0.5944938063621521,
                    -0.5912266373634338,
                    1.0719372034072876
                ],
                [
                    -0.795051634311676,
                    0.5903286933898926,
                    0.13930144906044006,
                    -0.07611268758773804
                ],
                [
                    0.0,
                    0.0,
                    0.0,
                    1.0
                ]
            ]
        },
        {
            "file_path": "images/frame_00204.jpg",
            "pose_matrix_c2w": [
                [
                    0.3285648822784424,
                    0.5366426706314087,
                    -0.7772128582000732,
                    -5.175674915313721
                ],
                [
                    -0.5397986769676208,
                    -0.5685591697692871,
                    -0.6207720041275024,
                    0.9129525423049927
                ],
                [
                    -0.7750242352485657,
                    0.6235023140907288,
                    0.10287041962146759,
                    -0.2695508301258087
                ],
                [
                    0.0,
                    0.0,
                    0.0,
