{
    "w": 1920,
    "h": 1080,
    "fl_x": 1094.000290501495,
    "fl_y": 1091.3075424013061,
    "cx": 960.7600933499255,
    "cy": 538.1036877634248,
    "k1": -0.024398458082020312,
    "k2": 0.01924899508217908,
    "p1": -6.651262660586673e-06,
    "p2": 9.688496177863598e-05,
    "camera_model": "OPENCV",
    "frames": [
        {
            "file_path": "images/frame_00146.jpg",
            "transform_matrix": [
                [
                    0.8708393767044025,
                    -0.447570166717783,
                    -0.2032725408049585,
                    -3.3948307352107587
                ],
                [
                    0.07814370969557231,
                    0.53430577019564,
                    -0.8416714944505712,
                    1.0181083558364363
                ],
                [
                    0.4853167425672658,
                    0.7170762091994546,
                    0.5002692970631303,
                    1.0287265750922374
                ],
                [
                    0.0,
                    0.0,
                    0.0,
                    1.0
                ]
            ],
            "colmap_im_id": 146
        },
        {
            "file_path": "images/frame_00145.jpg",
            "transform_matrix": [
                [
                    0.8717989273399116,
                    -0.4530864719652819,
                    -0.18622373428495376,
                    -3.487606980095911
                ],
                [
                    0.09339234949420591,
                    0.5269110422603763,
                    -0.8447737108835929,
                    0.9024795493611855
                ],
                [
                    0.4808788821989705,
                    0.7190809429168165,
                    0.5016752915870293,
                    0.932089219639328
                ],
                [
                    0.0,
                    0.0,
                    0.0,
                    1.0
                ]
            ],
            "colmap_im_id": 145
        },
        {
            "file_path": "images/frame_00144.jpg",
            "transform_matrix": [
                [
                    0.8628629267299724,
                    -0.47478812239146867,
                    -0.17333149890014254,
                    -3.4647719025069135
                ],
                [
                    0.10568880083813144,
                    0.5048386137617987,
                    -0.8567192372256287,
                    0.7131518720191014
                ],
                [
                    0.49426455168501027,
                    0.7209120701521434,
                    0.48578631110455,
                    0.7112061150921183
                ],
                [
                    0.0,
                    0.0,
                    0.0,
                    1.0
                ]
            ],
            "colmap_im_id": 144
        },
        {
            "file_path": "images/frame_00143.jpg",
            "transform_matrix": [
                [
                    0.8398004817758029,
                    -0.520755695148082,
                    -0.15345571602246388,
                    -3.432153481397495
                ],
                [
                    0.12038100906863257,
                    0.4542477359592984,
                    -0.8827045978307063,
                    0.30041526927760526
                ],
                [
                    0.529380358026955,
                    0.7228225925818096,
                    0.4441665635643498,
                    0.308299056071108
                ],
                [
                    0.0,
                    0.0,
                    0.0,
                    1.0
                ]
            ],
            "colmap_im_id": 143
        },
        {
            "file_path": "images/frame_00142.jpg",
            "transform_matrix": [
                [
                    0.8055188521384994,
                    -0.5782836729468489,
                    -0.12933434367010221,
                    -3.458853006085111
                ],
                [
                    0.13391696640365433,
                    0.39026639531144564,
                    -0.9109107457922829,
                    -0.09318283402623108
                ],
                [
                    0.577239659897617,
                    0.7164357153951162,
                    0.3918089339813105,
                    0.021247476108555114
                ],
                [
                    0.0,
                    0.0,
                    0.0,
                    1.0
                ]
            ],
            "colmap_im_id": 142
        },
        {
            "file_path": "images/frame_00141.jpg",
            "transform_matrix": [
                [
                    0.7598419817627902,
                    -0.6399392148666945,
                    -0.11453368075197075,
                    -3.472812101355755
                ],
                [
                    0.1291660700320706,
                    0.32127126096906317,
                    -0.9381369320242213,
                    -0.5368327878745118
                ],
                [
                    0.6371469917556434,
                    0.6980419601651082,
                    0.32677382506190317,
                    -0.37324569201691266
                ],
                [
                    0.0,
                    0.0,
                    0.0,
                    1.0
                ]
            ],
            "colmap_im_id": 141
        },
        {
            "file_path": "images/frame_00140.jpg",
            "transform_matrix": [
                [
                    0.7234962626278405,
                    -0.6800010490133123,
                    -0.11896104952605979,
                    -3.4201319192867796
                ],
                [
                    0.09999550196506275,
                    0.2737400202785451,
                    -0.9565915015745524,
                    -0.9827346903117934
                ],
                [
                    0.6830476246575358,
                    0.6801948063890937,
                    0.2660469278360521,
                    -0.7903713064340041
                ],
                [
                    0.0,
                    0.0,
                    0.0,
                    1.0
                ]
            ],
            "colmap_im_id": 140
        },
        {
            "file_path": "images/frame_00139.jpg",
            "transform_matrix": [
                [
                    0.6877365937978472,
                    -0.7141995935993646,
                    -0.13014345182850062,
                    -3.236922967389679
                ],
                [
                    0.0519239315948218,
                    0.2272047232917898,
                    -0.9724617828180382,
                    -1.3618792218833307
                ],
                [
                    0.7241010170404892,
                    0.6620399944236025,
                    0.19334105333458088,
                    -1.2103556026858011
                ],
                [
                    0.0,
                    0.0,
                    0.0,
                    1.0
                ]
            ],
            "colmap_im_id": 139
        },
        {
            "file_path": "images/frame_00138.jpg",
            "transform_matrix": [
                [
                    0.6655109533676581,
                    -0.734048514807351,
                    -0.13515897623462975,
                    -3.072062031564822
                ],
                [
                    0.008179773068813368,
                    0.18824602568990034,
                    -0.9820878398211131,
                    -1.6990671637278119
                ],
                [
                    0.7463432603435325,
                    0.6524846448163204,
                    0.1312841422971819,
                    -1.4141793859471985
                ],
                [
                    0.0,
                    0.0,
                    0.0,
                    1.0
                ]
            ],
            "colmap_im_id": 138
        },
        {
            "file_path": "images/frame_00137.jpg",
            "transform_matrix": [
                [
                    0.6492002426753575,
                    -0.7529448069183527,
                    -0.10776438486318782,
                    -2.675617156333162
                ],
                [
                    0.007704743134041139,
                    0.14818264626851446,
                    -0.9889299976631808,
                    -1.9862676920423883
                ],
                [
                    0.7605785178687966,
                    0.6411832975675089,
                    0.10200145624921231,
                    -1.6507508242695212
                ],
                [
                    0.0,
                    0.0,
                    0.0,
                    1.0
                ]
            ],
            "colmap_im_id": 137
        },
        {
            "file_path": "images/frame_00136.jpg",
            "transform_matrix": [
                [
                    0.6448763804609702,
                    -0.7620564101207629,
                    -0.058347936702284414,
                    -2.255142922530745
                ],
                [
                    0.03140176268837763,
                    0.10269680860402773,
                    -0.9942169254255383,
                    -2.2066287936179614
                ],
                [
                    0.7636415279590423,
                    0.6393147841997738,
                    0.09015666076322759,
                    -1.8682914473356174
                ],
                [
                    0.0,
                    0.0,
                    0.0,
                    1.0
                ]
            ],
            "colmap_im_id": 136
        },
        {
            "file_path": "images/frame_00135.jpg",
            "transform_matrix": [
                [
                    0.6436754417948022,
                    -0.7651440193999571,
                    0.015380351320573698,
                    -1.8729128347577422
                ],
                [
                    0.08062819973915751,
                    0.04781552792444658,
                    -0.9955966897776072,
                    -2.4955244926495688
                ],
                [
                    0.7610394332996739,
                    0.6420812291803776,
                    0.09246986588682138,
                    -2.0957965612727807
                ],
                [
                    0.0,
                    0.0,
                    0.0,
                    1.0
                ]
            ],
            "colmap_im_id": 135
        },
        {
            "file_path": "images/frame_00134.jpg",
            "transform_matrix": [
                [
                    0.6460386477614851,
                    -0.759773962263493,
                    0.07333206573487162,
                    -1.490110255569554
                ],
                [
                    0.13731998439981136,
                    0.02118163522919396,
                    -0.990300237409571,
                    -2.598741148430937
                ],
                [
                    0.7508510421401483,
                    0.6498421843766756,
                    0.11801630362625129,
                    -2.21574054083143
                ],
                [
                    0.0,
                    0.0,
                    0.0,
                    1.0
                ]
            ],
            "colmap_im_id": 134
        },
        {
            "file_path": "images/frame_00133.jpg",
            "transform_matrix": [
                [
                    0.6322125288513847,
                    -0.7627676174570263,
                    0.1359885293775499,
                    -1.0439559599242898
                ],
                [
                    0.21960628046497707,
                    0.008093619642404761,
                    -0.9755550086496517,
                    -2.717662544067072
                ],
                [
                    0.7430211302134514,
                    0.6466220341745366,
                    0.17262544707055602,
                    -2.216018546324717
                ],
                [
                    0.0,
                    0.0,
                    0.0,
                    1.0
                ]
            ],
            "colmap_im_id": 133
        },
        {
            "file_path": "images/frame_00132.jpg",
            "transform_matrix": [
                [
                    0.6082213245788339,
                    -0.7730790763308726,
                    0.18004322277434767,
                    -0.6946528123411878
                ],
                [
                    0.291926051722441,
                    0.006932632196809105,
                    -0.956415766775397,
                    -2.9229888080966684
                ],
                [
                    0.7381368441239842,
                    0.6342717716801122,
                    0.22989849716006447,
                    -1.8091240839342
                ],
                [
                    0.0,
                    0.0,
                    0.0,
                    1.0
                ]
            ],
            "colmap_im_id": 132
        },
        {
            "file_path": "images/frame_00131.jpg",
            "transform_matrix": [
                [
                    0.5723877456834081,
                    -0.787636125308662,
                    0.2280385991454593,
                    -0.31705673670686707
                ],
                [
                    0.3807854628808281,
                    0.009024504239043324,
                    -0.9246193755172304,
                    -3.1384104413018146
                ],
                [
                    0.7262056870130521,
                    0.6160745834978074,
                    0.3050859021946173,
                    -1.08777763845391
                ],
                [
                    0.0,
                    0.0,
                    0.0,
                    1.0
                ]
            ],
            "colmap_im_id": 131
        },
        {
            "file_path": "images/frame_00130.jpg",
            "transform_matrix": [
                [
                    0.5405278340942555,
                    -0.7976746418378433,
                    0.2674786465089163,
                    0.022466733454427987
                ],
                [
                    0.4539161391333786,
                    0.008813888384385467,
                    -0.8910008159400277,
                    -3.080441200674321
                ],
                [
                    0.7083712297966515,
                    0.6030236157402264,
                    0.3668415457059947,
                    -0.6029675091533997
                ],
                [
                    0.0,
                    0.0,
                    0.0,
                    1.0
                ]
            ],
            "colmap_im_id": 130
        },
        {
            "file_path": "images/frame_00129.jpg",
            "transform_matrix": [
                [
                    0.5000628865431657,
                    -0.8049209999439454,
                    0.3194358986578626,
                    0.4838104837376413
                ],
                [
                    0.5171501124777923,
                    -0.018304144118984633,
                    -0.8556989654500456,
                    -2.9076719987336186
                ],
                [
                    0.6946170676468609,
                    0.5930996055953085,
                    0.4071117625129069,
                    -0.4736608759794465
                ],
                [
                    0.0,
                    0.0,
                    0.0,
                    1.0
                ]
            ],
            "colmap_im_id": 129
        },
        {
            "file_path": "images/frame_00128.jpg",
            "transform_matrix": [
                [
                    0.45758678004362546,
                    -0.8044698892111368,
                    0.3787380837490829,
                    0.8612930230940133
                ],
                [
                    0.5605683113563691,
                    -0.06963185601683439,
                    -0.825175480083309,
                    -2.7639005845602194
                ],
                [
                    0.6902010627580742,
                    0.5898979589558447,
                    0.41909771054892797,
                    -0.4517314859191608
                ],
                [
                    0.0,
                    0.0,
                    0.0,
                    1.0
                ]
            ],
            "colmap_im_id": 128
        },
        {
            "file_path": "images/frame_00059.jpg",
            "transform_matrix": [
                [
                    0.9818744458043981,
                    -0.15073257369285545,
                    0.11490110488691534,
                    -0.5219498742878325
                ],
                [
                    0.11459784936029867,
                    -0.010726141254400544,
                    -0.9933540571295739,
                    -3.180367852393735
                ],
                [
                    0.15096325910068423,
                    0.9885163838408134,
                    0.0067419047739597495,
                    -3.900925309534383
                ],
                [
                    0.0,
                    0.0,
                    0.0,
                    1.0
                ]
            ],
            "colmap_im_id": 59
        },
        {
            "file_path": "images/frame_00058.jpg",
            "transform_matrix": [
                [
                    0.9931216185092341,
                    -0.09230836561616847,
                    0.0720320518024512,
                    -1.0000644024887315
                ],
                [
                    0.07291670530489311,
                    0.006242758522570128,
                    -0.9973184957943516,
                    -3.149233602760306
                ],
                [
                    0.09161116164026423,
                    0.9957108986062675,
                    0.012930640340707645,
                    -3.9598987279709568
                ],
                [
                    0.0,
                    0.0,
                    0.0,
                    1.0
                ]
            ],
            "colmap_im_id": 58
        },
        {
            "file_path": "images/frame_00057.jpg",
            "transform_matrix": [
                [
                    0.9995618863225701,
                    -0.023122147277495314,
                    0.01847705919629234,
                    -1.5081844427423765
                ],
                [
                    0.018702079023444555,
                    0.009553663010888148,
                    -0.999779455561713,
                    -3.096961389174083
                ],
                [
                    0.0229405242195184,
                    0.9996869979290279,
                    0.009981909646028962,
                    -3.968432103583339
                ],
                [
                    0.0,
                    0.0,
                    0.0,
                    1.0
                ]
            ],
            "colmap_im_id": 57
        },
        {
            "file_path": "images/frame_00056.jpg",
            "transform_matrix": [
                [
                    0.9995408511964019,
                    0.024051901032911476,
                    -0.018428045101832175,
                    -1.828812862623218
                ],
                [
                    -0.018772673508882936,
                    0.014182250273983562,
                    -0.9997231869405124,
                    -3.058895700721482
                ],
                [
                    -0.023783892004905625,
                    0.9996101089094034,
                    0.014627256996096748,
                    -3.8418038996120027
                ],
                [
                    0.0,
                    0.0,
                    0.0,
                    1.0
                ]
            ],
            "colmap_im_id": 56
        },
        {
            "file_path": "images/frame_00055.jpg",
            "transform_matrix": [
                [
                    0.9976622056363561,
                    0.05534717188217243,
                    -0.04008508462566248,
                    -2.0647656659298046
                ],
                [
                    -0.04098786080074099,
                    0.015273050582493475,
                    -0.999042906582537,
                    -3.0282028988773027
                ],
                [
                    -0.054681977943197534,
                    0.9983503515753124,
                    0.017505907507747238,
                    -3.7928030208119217
                ],
                [
                    0.0,
                    0.0,
                    0.0,
                    1.0
                ]
            ],
            "colmap_im_id": 55
        },
        {
            "file_path": "images/frame_00054.jpg",
            "transform_matrix": [
                [
                    0.9968763612377988,
                    0.06581153515270485,
                    -0.04366190841145226,
                    -2.353184724304803
                ],
                [
                    -0.04499243925815095,
                    0.01887191331481471,
                    -0.9988090564754806,
                    -3.042168984504337
                ],
                [
                    -0.06490917358037572,
                    0.9976535935527332,
                    0.021773985772711387,
                    -3.7821202889594128
                ],
                [
                    0.0,
                    0.0,
                    0.0,
                    1.0
                ]
            ],
            "colmap_im_id": 54
        },
        {
            "file_path": "images/frame_00053.jpg",
            "transform_matrix": [
                [
                    0.9968000841508177,
                    0.06586052813596598,
                    -0.04529881974813754,
                    -2.519519170744394
                ],
                [
                    -0.04650340896923576,
                    0.01687270198243543,
                    -0.9987756228913739,
                    -3.0092092406812156
                ],
                [
                    -0.0650155765271879,
                    0.9976861744864782,
                    0.01988144983077999,
                    -3.823502718761163
                ],
                [
                    0.0,
                    0.0,
                    0.0,
                    1.0
                ]
            ],
            "colmap_im_id": 53
        },
        {
            "file_path": "images/frame_00052.jpg",
            "transform_matrix": [
                [
                    0.9972731371468709,
                    0.059568394571915456,
                    -0.04356485158201708,
                    -2.515081184573228
                ],
                [
                    -0.04469607031754568,
                    0.01779094446032063,
                    -0.9988422015480617,
                    -3.0401175404997405
                ],
                [
                    -0.05872436652197787,
                    0.9980656735222058,
                    0.020404904147239333,
                    -3.724610840639187
                ],
                [
                    0.0,
                    0.0,
                    0.0,
                    1.0
                ]
            ],
            "colmap_im_id": 52
        },
        {
            "file_path": "images/frame_00051.jpg",
            "transform_matrix": [
                [
                    0.9985885759131644,
                    0.04057411027980449,
                    -0.03427240334030255,
                    -2.447494167864315
                ],
                [
                    -0.03515321785673276,
                    0.021197921806501378,
                    -0.9991570944478163,
                    -3.0907302163489048
                ],
                [
                    -0.039813406410846124,
                    0.9989516453192755,
                    0.02259431308708189,
                    -3.5896543556697496
                ],
                [
                    0.0,
                    0.0,
                    0.0,
                    1.0
                ]
            ],
            "colmap_im_id": 51
        },
        {
            "file_path": "images/frame_00050.jpg",
            "transform_matrix": [
                [
                    0.9995952781546938,
                    0.02067992738205883,
                    -0.019535109273137178,
                    -2.221847548796983
                ],
                [
                    -0.020042270881319095,
                    0.024607961487896984,
                    -0.9994962509230988,
                    -3.1290344330730044
                ],
                [
                    -0.020188790671074517,
                    0.9994832609077966,
                    0.025012474814711607,
                    -3.6175423998290617
                ],
                [
                    0.0,
                    0.0,
                    0.0,
                    1.0
                ]
            ],
            "colmap_im_id": 50
        },
        {
            "file_path": "images/frame_00049.jpg",
            "transform_matrix": [
                [
                    0.9999888378243725,
                    -0.0047113054901441,
                    -0.0003575293545081478,
                    -2.123084588613667
                ],
                [
                    -0.00019600459463840997,
                    0.03424046568471984,
                    -0.9994136041158799,
                    -3.13306378510646
                ],
                [
                    0.004720784771590163,
                    0.9994025185631022,
                    0.034239160049105495,
                    -3.4882557110018846
                ],
                [
                    0.0,
                    0.0,
                    0.0,
                    1.0
                ]
            ],
            "colmap_im_id": 49
        },
        {
            "file_path": "images/frame_00048.jpg",
            "transform_matrix": [
                [
                    0.9996458676075602,
                    -0.02356401326011433,
                    0.012364329913311323,
                    -1.9506642472281277
                ],
                [
                    0.013491773336907872,
                    0.048303532795886485,
                    -0.9987415785735878,
                    -3.046622367415152
                ],
                [
                    0.022937118985468748,
                    0.9985547085655916,
                    0.048604347276067536,
                    -3.43908235029632
                ],
                [
                    0.0,
                    0.0,
                    0.0,
                    1.0
                ]
            ],
            "colmap_im_id": 48
        },
        {
            "file_path": "images/frame_00047.jpg",
            "transform_matrix": [
                [
                    0.9990879399279182,
                    -0.03758833746214122,
                    0.020258459403923953,
                    -1.6528975591849904
                ],
                [
                    0.02274872498745131,
                    0.06705174128167812,
                    -0.9974901300276309,
                    -3.1072227573903373
                ],
                [
                    0.03613563064391643,
                    0.9970412132293865,
                    0.06784567281735332,
                    -3.581636308790742
                ],
                [
                    0.0,
                    0.0,
                    0.0,
                    1.0
                ]
            ],
            "colmap_im_id": 47
        },
        {
            "file_path": "images/frame_00046.jpg",
            "transform_matrix": [
                [
                    0.9979554974781256,
                    -0.05919311206511544,
                    0.024103952730484546,
                    -1.4561108239444744
                ],
                [
                    0.02946354237138268,
                    0.0914088171316548,
                    -0.9953774800654882,
                    -2.9693381667025425
                ],
                [
                    0.05671617691731775,
                    0.9940526161298698,
                    0.09296597033993209,
                    -3.508782350771693
                ],
                [
                    0.0,
                    0.0,
                    0.0,
                    1.0
                ]
            ],
            "colmap_im_id": 46
        },
        {
            "file_path": "images/frame_00045.jpg",
            "transform_matrix": [
                [
                    0.996871305259003,
                    -0.07354390122937732,
                    0.028963690082160144,
                    -1.2586490354584783
                ],
                [
                    0.03711712877362692,
                    0.11203858809404199,
                    -0.9930104095776113,
                    -2.9803759648850234
                ],
                [
                    0.06978480853892073,
                    0.9909786321459496,
                    0.11441779200512912,
                    -3.4910335972865374
                ],
                [
                    0.0,
                    0.0,
                    0.0,
                    1.0
                ]
            ],
            "colmap_im_id": 45
        },
        {
            "file_path": "images/frame_00044.jpg",
            "transform_matrix": [
                [
                    0.9930477924255395,
                    -0.1049871976018171,
                    0.053233169156829394,
                    -1.1103469514684208
                ],
                [
                    0.06827027907443205,
                    0.1452825627753739,
                    -0.9870319883106722,
                    -2.9103444183181666
                ],
                [
                    0.09589187115632777,
                    0.9838041803596572,
                    0.15144003352152857,
                    -3.5473271355645792
                ],
                [
                    0.0,
                    0.0,
                    0.0,
                    1.0
                ]
            ],
            "colmap_im_id": 44
        },
        {
            "file_path": "images/frame_00043.jpg",
            "transform_matrix": [
                [
                    0.9843058188978961,
                    -0.15051608956274334,
                    0.09212470714462222,
                    -1.0261956653618909
                ],
                [
                    0.1140509227303213,
                    0.14421612340061832,
                    -0.9829517265744336,
                    -2.782958550007271
                ],
                [
                    0.13466418197911598,
                    0.9780320120190533,
                    0.15911926834251625,
                    -3.6150161591928964
                ],
                [
                    0.0,
                    0.0,
                    0.0,
                    1.0
                ]
            ],
            "colmap_im_id": 43
        },
        {
            "file_path": "images/frame_00042.jpg",
            "transform_matrix": [
                [
                    0.9635664819757159,
                    -0.2173610013284132,
                    0.1558647808661469,
                    -0.8201091524861216
                ],
                [
                    0.19052125762806374,
                    0.14877265479799737,
                    -0.9703444479029996,
                    -2.7141128322151187
                ],
                [
                    0.1877266235906975,
                    0.9646869400411023,
                    0.18476423493027844,
                    -3.49251041477247
                ],
                [
                    0.0,
                    0.0,
                    0.0,
                    1.0
                ]
            ],
            "colmap_im_id": 42
        },
        {
            "file_path": "images/frame_00041.jpg",
            "transform_matrix": [
                [
                    0.9384446957526635,
                    -0.2832815820608769,
                    0.19766916370232737,
                    -0.437563665149778
                ],
                [
                    0.2454775762794475,
                    0.14431377555397693,
                    -0.9586001740711946,
                    -2.720567814083141
                ],
                [
                    0.24302739055023995,
                    0.9481165959155252,
                    0.20496977336158156,
                    -3.1672024202235463
                ],
                [
                    0.0,
                    0.0,
                    0.0,
                    1.0
                ]
            ],
            "colmap_im_id": 41
        },
        {
            "file_path": "images/frame_00040.jpg",
            "transform_matrix": [
                [
                    0.8893437167749949,
                    -0.3729550196932444,
                    0.2645227905463896,
                    -0.11084583684421355
                ],
                [
                    0.3330640769421887,
                    0.13204438943994198,
                    -0.9336126605118852,
                    -2.671301027356026
                ],
                [
                    0.3132667778164248,
                    0.9184055925913369,
                    0.24165076745888925,
                    -2.741926886919602
                ],
                [
                    0.0,
                    0.0,
                    0.0,
                    1.0
                ]
            ],
            "colmap_im_id": 40
        },
        {
            "file_path": "images/frame_00039.jpg",
            "transform_matrix": [
                [
                    0.8421764165366677,
                    -0.4394889587980267,
                    0.31239132274133913,
                    0.14516214142531184
                ],
                [
                    0.3945346121500747,
                    0.10735935284350902,
                    -0.9125877542311276,
                    -2.4015115537227594
                ],
                [
                    0.3675341116754299,
                    0.8918090739904194,
                    0.2638091209630617,
                    -2.405608117999374
                ],
                [
                    0.0,
                    0.0,
                    0.0,
                    1.0
                ]
            ],
            "colmap_im_id": 39
        },
        {
            "file_path": "images/frame_00038.jpg",
            "transform_matrix": [
                [
                    0.7770042549140114,
                    -0.5097789940807569,
                    0.36930984963785274,
                    0.4456179704617407
                ],
                [
                    0.46879609892381185,
                    0.07706627313945613,
                    -0.8799380700811905,
                    -2.0064738748770408
                ],
                [
                    0.42011261047406967,
                    0.8568466413182737,
                    0.2988632258780866,
                    -2.044213695312308
                ],
                [
                    0.0,
                    0.0,
                    0.0,
                    1.0
                ]
            ],
            "colmap_im_id": 38
        },
        {
            "file_path": "images/frame_00037.jpg",
            "transform_matrix": [
                [
                    0.7267913287817963,
                    -0.5508065376687414,
                    0.41034926887831075,
                    0.7260535568202765
                ],
                [
                    0.523762911670387,
                    0.05794057894771239,
                    -0.8498913469789902,
                    -1.7060902468570274
                ],
                [
                    0.4443498360145407,
                    0.8326193892605296,
                    0.3306027463002592,
                    -1.6994659634104796
                ],
                [
                    0.0,
                    0.0,
                    0.0,
                    1.0
                ]
            ],
            "colmap_im_id": 37
        },
        {
            "file_path": "images/frame_00036.jpg",
            "transform_matrix": [
                [
                    0.6959722623469374,
                    -0.5640327265649493,
                    0.4443981248918531,
                    1.0597548260757672
                ],
                [
                    0.5523005646032054,
                    0.024966185699654714,
                    -0.8332711298914603,
                    -1.5014834744925463
                ],
                [
                    0.458897261249908,
                    0.8253749287053247,
                    0.32889136608006914,
                    -1.6934680925107775
                ],
                [
                    0.0,
                    0.0,
                    0.0,
                    1.0
                ]
            ],
            "colmap_im_id": 36
        },
        {
            "file_path": "images/frame_00035.jpg",
            "transform_matrix": [
                [
                    0.68268921158351,
                    -0.5627753089242893,
                    0.4660680122607171,
                    1.3684822683182505
                ],
                [
                    0.5583521831539836,
                    -0.009674545802561016,
                    -0.829547613299378,
                    -1.5463933358317612
                ],
                [
                    0.47135791067368926,
                    0.8265532982383438,
                    0.30762211431665576,
                    -1.8258813807336751
                ],
                [
                    0.0,
                    0.0,
                    0.0,
                    1.0
                ]
            ],
            "colmap_im_id": 35
        },
        {
            "file_path": "images/frame_00034.jpg",
            "transform_matrix": [
                [
                    0.6604027538390148,
                    -0.5624641029030544,
                    0.4974960659817402,
                    1.7336673042569566
                ],
                [
                    0.5627454912315155,
                    -0.06794240582886674,
                    -0.8238333214848657,
                    -1.7479233359805646
                ],
                [
                    0.4971777497238246,
                    0.8240254622495883,
                    0.27165478597644155,
                    -1.9915325613623918
                ],
                [
                    0.0,
                    0.0,
