{
    "w": 1080,
    "h": 1920,
    "fl_x": 1082.7048784813273,
    "fl_y": 1082.6562421044102,
    "cx": 539.1905334851634,
    "cy": 960.934987921265,
    "k1": -0.028393858751260635,
    "k2": 0.02346242639027884,
    "p1": 0.0005131758353162353,
    "p2": 0.0006231005092697283,
    "camera_model": "OPENCV",
    "frames": [
        {
            "file_path": "images/frame_00893.jpg",
            "transform_matrix": [
                [
                    0.6737786451530724,
                    -0.01791070784191978,
                    0.7387161456745694,
                    -0.4449889728123793
                ],
                [
                    0.7385933234593193,
                    0.04664349070803963,
                    -0.6725357145281481,
                    -3.6759875309623853
                ],
                [
                    -0.022410708980480185,
                    0.9987510156786679,
                    0.044656117204945285,
                    -0.23503404546699586
                ],
                [
                    0.0,
                    0.0,
                    0.0,
                    1.0
                ]
            ],
            "colmap_im_id": 893
        },
        {
            "file_path": "images/frame_00892.jpg",
            "transform_matrix": [
                [
                    0.6294776628184092,
                    -0.036486077714693435,
                    0.7761614768498055,
                    -0.5321883637522528
                ],
                [
                    0.7769421456094261,
                    0.043565568875374446,
                    -0.628062850027278,
                    -3.759031138779168
                ],
                [
                    -0.010898366322305399,
                    0.998384098101308,
                    0.055771123979551314,
                    -0.24050674511969317
                ],
                [
                    0.0,
                    0.0,
                    0.0,
                    1.0
                ]
            ],
            "colmap_im_id": 892
        },
        {
            "file_path": "images/frame_00891.jpg",
            "transform_matrix": [
                [
                    0.590878089386372,
                    -0.04535369899607185,
                    0.805485024982145,
                    -0.6337369839144023
                ],
                [
                    0.8067578514456091,
                    0.03594347453080963,
                    -0.5897879583117307,
                    -3.8380768465533968
                ],
                [
                    -0.002202864947616156,
                    0.9983241500765304,
                    0.057827664313854256,
                    -0.23050768811795722
                ],
                [
                    0.0,
                    0.0,
                    0.0,
                    1.0
                ]
            ],
            "colmap_im_id": 891
        },
        {
            "file_path": "images/frame_00890.jpg",
            "transform_matrix": [
                [
                    0.5747419855912378,
                    -0.04398120943437436,
                    0.8171519462225695,
                    -0.7136045285270775
                ],
                [
                    0.8183314376459389,
                    0.02807791683400851,
                    -0.5740603528781578,
                    -3.942302314312284
                ],
                [
                    0.0023039442211197254,
                    0.9986377139898893,
                    0.052128764018282356,
                    -0.23598453406774794
                ],
                [
                    0.0,
                    0.0,
                    0.0,
                    1.0
                ]
            ],
            "colmap_im_id": 890
        },
        {
            "file_path": "images/frame_00889.jpg",
            "transform_matrix": [
                [
                    0.5827562013577657,
                    -0.037187647410596214,
                    0.8117957185518617,
                    -0.7477612894753418
                ],
                [
                    0.8126451870246253,
                    0.02880012765116184,
                    -0.5820466928460206,
                    -4.018450884048103
                ],
                [
                    -0.001734873130898791,
                    0.9988932032641638,
                    0.04700381567359959,
                    -0.26173413715340466
                ],
                [
                    0.0,
                    0.0,
                    0.0,
                    1.0
                ]
            ],
            "colmap_im_id": 889
        },
        {
            "file_path": "images/frame_00888.jpg",
            "transform_matrix": [
                [
                    0.6335064818829994,
                    -0.04344857839016344,
                    0.772516510145964,
                    -0.7654952504997466
                ],
                [
                    0.773680093926531,
                    0.04772091668033454,
                    -0.6317767219303217,
                    -4.022886998788129
                ],
                [
                    -0.009415395586988255,
                    0.997915294575177,
                    0.06384681024826637,
                    -0.2901443953807667
                ],
                [
                    0.0,
                    0.0,
                    0.0,
                    1.0
                ]
            ],
            "colmap_im_id": 888
        },
        {
            "file_path": "images/frame_00887.jpg",
            "transform_matrix": [
                [
                    0.7236532068102951,
                    -0.05433744425892403,
                    0.6880214229401476,
                    -0.7505355114421791
                ],
                [
                    0.69008682979346,
                    0.07185338920807943,
                    -0.7201508576714504,
                    -3.9919027773741145
                ],
                [
                    -0.010305513999276211,
                    0.9959340001278802,
                    0.08949449016833465,
                    -0.306634428221149
                ],
                [
                    0.0,
                    0.0,
                    0.0,
                    1.0
                ]
            ],
            "colmap_im_id": 887
        },
        {
            "file_path": "images/frame_00886.jpg",
            "transform_matrix": [
                [
                    0.8345181018370433,
                    -0.06287337413864291,
                    0.5473814725862771,
                    -0.6918597806862494
                ],
                [
                    0.5509397476522441,
                    0.10730768780022026,
                    -0.8276173358478258,
                    -3.9268934766416206
                ],
                [
                    -0.006703145767525625,
                    0.9922358585353548,
                    0.12418964881755087,
                    -0.3174279151602113
                ],
                [
                    0.0,
                    0.0,
                    0.0,
                    1.0
                ]
            ],
            "colmap_im_id": 886
        },
        {
            "file_path": "images/frame_00885.jpg",
            "transform_matrix": [
                [
                    0.9342230373985193,
                    -0.060050974636196026,
                    0.35159806148374567,
                    -0.5748655269592436
                ],
                [
                    0.3566453430101993,
                    0.14177352209306449,
                    -0.9234199303363906,
                    -3.837939374525422
                ],
                [
                    0.0056049712775440436,
                    0.9880759833527835,
                    0.15386499087969174,
                    -0.32477501830209177
                ],
                [
                    0.0,
                    0.0,
                    0.0,
                    1.0
                ]
            ],
            "colmap_im_id": 885
        },
        {
            "file_path": "images/frame_00884.jpg",
            "transform_matrix": [
                [
                    0.9925444995232385,
                    -0.03765710199728031,
                    0.11591962359898438,
                    -0.36925494132294745
                ],
                [
                    0.12085889096420634,
                    0.1810622787264044,
                    -0.9760172025621802,
                    -3.7947372844495058
                ],
                [
                    0.015765308150044996,
                    0.982750422992312,
                    0.18426356440535352,
                    -0.31618582271151974
                ],
                [
                    0.0,
                    0.0,
                    0.0,
                    1.0
                ]
            ],
            "colmap_im_id": 884
        },
        {
            "file_path": "images/frame_00883.jpg",
            "transform_matrix": [
                [
                    0.9941980774323881,
                    0.016225346241217204,
                    -0.10633400664460992,
                    -0.19506512664007253
                ],
                [
                    -0.10719895173043849,
                    0.23091905818351832,
                    -0.9670495195777371,
                    -3.815446562973923
                ],
                [
                    0.008863835379701729,
                    0.9728376671917004,
                    0.23131862379707352,
                    -0.35282131603978534
                ],
                [
                    0.0,
                    0.0,
                    0.0,
                    1.0
                ]
            ],
            "colmap_im_id": 883
        },
        {
            "file_path": "images/frame_00882.jpg",
            "transform_matrix": [
                [
                    0.9587345245554648,
                    0.08505952258478104,
                    -0.27128027765220214,
                    -0.04824342273617395
                ],
                [
                    -0.28429596032335347,
                    0.2801896205655578,
                    -0.9168803539563658,
                    -3.847088918486222
                ],
                [
                    -0.001979487112603789,
                    0.9561687372765215,
                    0.29280954131618236,
                    -0.4133774995938353
                ],
                [
                    0.0,
                    0.0,
                    0.0,
                    1.0
                ]
            ],
            "colmap_im_id": 882
        },
        {
            "file_path": "images/frame_00881.jpg",
            "transform_matrix": [
                [
                    0.902445029374164,
                    0.14111877457080962,
                    -0.4070361905549644,
                    0.10946312452376969
                ],
                [
                    -0.4302694193215336,
                    0.24814706687631174,
                    -0.867923533496698,
                    -3.7626299874732196
                ],
                [
                    -0.02147546866949917,
                    0.9583885040338894,
                    0.28465818024625444,
                    -0.48949625579837214
                ],
                [
                    0.0,
                    0.0,
                    0.0,
                    1.0
                ]
            ],
            "colmap_im_id": 881
        },
        {
            "file_path": "images/frame_00880.jpg",
            "transform_matrix": [
                [
                    0.8183838916661631,
                    0.19447507578498247,
                    -0.540765430440752,
                    0.1984953450511637
                ],
                [
                    -0.5730585824390784,
                    0.20571102863498292,
                    -0.7932760136237903,
                    -3.7578120228535865
                ],
                [
                    -0.04303099992168932,
                    0.9590945821952924,
                    0.2797962034220211,
                    -0.4688761435857413
                ],
                [
                    0.0,
                    0.0,
                    0.0,
                    1.0
                ]
            ],
            "colmap_im_id": 880
        },
        {
            "file_path": "images/frame_00879.jpg",
            "transform_matrix": [
                [
                    0.7445547167094686,
                    0.20778839659599335,
                    -0.6343991299377307,
                    0.3336011960978743
                ],
                [
                    -0.6663778137965617,
                    0.17477683386031126,
                    -0.724840442873796,
                    -3.734220599321837
                ],
                [
                    -0.03973516207842319,
                    0.9624328758858102,
                    0.26859649347817277,
                    -0.496506564740931
                ],
                [
                    0.0,
                    0.0,
                    0.0,
                    1.0
                ]
            ],
            "colmap_im_id": 879
        },
        {
            "file_path": "images/frame_00878.jpg",
            "transform_matrix": [
                [
                    0.6878267464821588,
                    0.19856541414785303,
                    -0.6981877563578867,
                    0.4349099978155834
                ],
                [
                    -0.7254554149518844,
                    0.1553529259016507,
                    -0.6705072030416867,
                    -3.6809196979589407
                ],
                [
                    -0.024674029682184587,
                    0.9676968764639512,
                    0.25090625249513976,
                    -0.5089076475343831
                ],
                [
                    0.0,
                    0.0,
                    0.0,
                    1.0
                ]
            ],
            "colmap_im_id": 878
        },
        {
            "file_path": "images/frame_00877.jpg",
            "transform_matrix": [
                [
                    0.652804660638406,
                    0.17999805094657087,
                    -0.7358306712173734,
                    0.5258770493197046
                ],
                [
                    -0.7573620992570028,
                    0.13485834844186015,
                    -0.6389177384175202,
                    -3.628933085602863
                ],
                [
                    -0.01577103857710407,
                    0.9743787392543874,
                    0.22435986011590833,
                    -0.5083023437208251
                ],
                [
                    0.0,
                    0.0,
                    0.0,
                    1.0
                ]
            ],
            "colmap_im_id": 877
        },
        {
            "file_path": "images/frame_00876.jpg",
            "transform_matrix": [
                [
                    0.6432290288802968,
                    0.1588358161661082,
                    -0.7490177567378202,
                    0.5833342964301954
                ],
                [
                    -0.7655888704946687,
                    0.11884766984226165,
                    -0.632256998970958,
                    -3.5759365640773066
                ],
                [
                    -0.011406041399518395,
                    0.9801257138122185,
                    0.19804920435003376,
                    -0.4853525023030614
                ],
                [
                    0.0,
                    0.0,
                    0.0,
                    1.0
                ]
            ],
            "colmap_im_id": 876
        },
        {
            "file_path": "images/frame_00875.jpg",
            "transform_matrix": [
                [
                    0.6430744919544631,
                    0.130495427007658,
                    -0.7546033006339149,
                    0.6069461030211043
                ],
                [
                    -0.7657975477183623,
                    0.10565425575833141,
                    -0.6343431990245472,
                    -3.501948167151393
                ],
                [
                    -0.0030518365048554357,
                    0.9858032875631133,
                    0.16787663483554088,
                    -0.44954730724559583
                ],
                [
                    0.0,
                    0.0,
                    0.0,
                    1.0
                ]
            ],
            "colmap_im_id": 875
        },
        {
            "file_path": "images/frame_00874.jpg",
            "transform_matrix": [
                [
                    0.6430035484784947,
                    0.10717489922588296,
                    -0.7583270914453647,
                    0.6053752513890406
                ],
                [
                    -0.7658560269018801,
                    0.0942656621217217,
                    -0.63606487955461,
                    -3.405826867309364
                ],
                [
                    0.003314016012547916,
                    0.989761347962566,
                    0.14269369774868595,
                    -0.411300917940787
                ],
                [
                    0.0,
                    0.0,
                    0.0,
                    1.0
                ]
            ],
            "colmap_im_id": 874
        },
        {
            "file_path": "images/frame_00873.jpg",
            "transform_matrix": [
                [
                    0.6450435771889766,
                    0.1000381011646537,
                    -0.7575692455760196,
                    0.5316560690143016
                ],
                [
                    -0.764118839519428,
                    0.09276868153971388,
                    -0.6383700892247897,
                    -3.253166221385081
                ],
                [
                    0.006417368520764531,
                    0.990649458709161,
                    0.13628083996114432,
                    -0.38848879174839546
                ],
                [
                    0.0,
                    0.0,
                    0.0,
                    1.0
                ]
            ],
            "colmap_im_id": 873
        },
        {
            "file_path": "images/frame_00872.jpg",
            "transform_matrix": [
                [
                    0.6456234220757009,
                    0.1016148724663974,
                    -0.7568651230971732,
                    0.4192666734594821
                ],
                [
                    -0.7636546019514694,
                    0.08776520100619023,
                    -0.6396318616287701,
                    -3.0376628709311513
                ],
                [
                    0.001430309618346481,
                    0.9909448456831392,
                    0.1342619343984543,
                    -0.3897649029093818
                ],
                [
                    0.0,
                    0.0,
                    0.0,
                    1.0
                ]
            ],
            "colmap_im_id": 872
        },
        {
            "file_path": "images/frame_00871.jpg",
            "transform_matrix": [
                [
                    0.6424219242285373,
                    0.1086160492967415,
                    -0.7586149386254338,
                    0.301109604963597
                ],
                [
                    -0.7662773020772757,
                    0.077301342241701,
                    -0.6378429264394189,
                    -2.8026112181134666
                ],
                [
                    -0.010638025741370013,
                    0.9910736886441892,
                    0.1328900902457618,
                    -0.3689512609519905
                ],
                [
                    0.0,
                    0.0,
                    0.0,
                    1.0
                ]
            ],
            "colmap_im_id": 871
        },
        {
            "file_path": "images/frame_00870.jpg",
            "transform_matrix": [
                [
                    0.6529839389458068,
                    0.11874867468189301,
                    -0.7480044971389637,
                    0.2030840570003612
                ],
                [
                    -0.7570341769744996,
                    0.07285148817506956,
                    -0.649301097768378,
                    -2.631788866432755
                ],
                [
                    -0.022610404051275262,
                    0.9902481572474505,
                    0.13746765691124016,
                    -0.3525960950955597
                ],
                [
                    0.0,
                    0.0,
                    0.0,
                    1.0
                ]
            ],
            "colmap_im_id": 870
        },
        {
            "file_path": "images/frame_00869.jpg",
            "transform_matrix": [
                [
                    0.6760517240632419,
                    0.12778735671370828,
                    -0.7256889539294654,
                    0.1711359634000988
                ],
                [
                    -0.7361887258774031,
                    0.075291265896097,
                    -0.6725751892322293,
                    -2.514910500284206
                ],
                [
                    -0.03130856563504489,
                    0.9889396426192484,
                    0.14497640143826648,
                    -0.356010570636683
                ],
                [
                    0.0,
                    0.0,
                    0.0,
                    1.0
                ]
            ],
            "colmap_im_id": 869
        },
        {
            "file_path": "images/frame_00868.jpg",
            "transform_matrix": [
                [
                    0.7106212480386905,
                    0.13165045502594994,
                    -0.6911480301117799,
                    0.17312135018847016
                ],
                [
                    -0.7024095785290478,
                    0.07623718035170346,
                    -0.7076783706760202,
                    -2.4413911528086434
                ],
                [
                    -0.04047500249016448,
                    0.988360283511778,
                    0.14664830087641317,
                    -0.37001232363881303
                ],
                [
                    0.0,
                    0.0,
                    0.0,
                    1.0
                ]
            ],
            "colmap_im_id": 868
        },
        {
            "file_path": "images/frame_00867.jpg",
            "transform_matrix": [
                [
                    0.756983827595249,
                    0.1262933673250973,
                    -0.641112681304101,
                    0.1867235216406306
                ],
                [
                    -0.6523319365642118,
                    0.08911090706917012,
                    -0.7526767505242175,
                    -2.398979511398921
                ],
                [
                    -0.03792794876645931,
                    0.9879824045047552,
                    0.149840712396101,
                    -0.3658796070931598
                ],
                [
                    0.0,
                    0.0,
                    0.0,
                    1.0
                ]
            ],
            "colmap_im_id": 867
        },
        {
            "file_path": "images/frame_00866.jpg",
            "transform_matrix": [
                [
                    0.8147886829976025,
                    0.11386923860996545,
                    -0.5684656529267351,
                    0.22412534418502814
                ],
                [
                    -0.5790783565851712,
                    0.11237787819683559,
                    -0.8074896094852212,
                    -2.3570268615994303
                ],
                [
                    -0.028065263113855286,
                    0.9871195515186415,
                    0.15750343493392815,
                    -0.37674293892760846
                ],
                [
                    0.0,
                    0.0,
                    0.0,
                    1.0
                ]
            ],
            "colmap_im_id": 866
        },
        {
            "file_path": "images/frame_00865.jpg",
            "transform_matrix": [
                [
                    0.8710751865804834,
                    0.09644378438723682,
                    -0.48158759927643935,
                    0.2248311274734406
                ],
                [
                    -0.4908783295587032,
                    0.13836275104601367,
                    -0.8601710380457109,
                    -2.295519383230226
                ],
                [
                    -0.01632436502389283,
                    0.9856745637258004,
                    0.1678665229595219,
                    -0.40724032567044943
                ],
                [
                    0.0,
                    0.0,
                    0.0,
                    1.0
                ]
            ],
            "colmap_im_id": 865
        },
        {
            "file_path": "images/frame_00864.jpg",
            "transform_matrix": [
                [
                    0.9144933315319425,
                    0.07362603334829267,
                    -0.39784564066608114,
                    0.1683627897981058
                ],
                [
                    -0.40455055260829215,
                    0.15086844382150014,
                    -0.9019853452485822,
                    -2.201756432525482
                ],
                [
                    -0.006387250420483963,
                    0.9858082571536287,
                    0.16775363829077178,
                    -0.4172241408267553
                ],
                [
                    0.0,
                    0.0,
                    0.0,
                    1.0
                ]
            ],
            "colmap_im_id": 864
        },
        {
            "file_path": "images/frame_00863.jpg",
            "transform_matrix": [
                [
                    0.947709934506334,
                    0.059670561445233215,
                    -0.3135048709905653,
                    0.0652836439288867
                ],
                [
                    -0.3190595665583467,
                    0.15608451757042502,
                    -0.9347933548985077,
                    -2.10550759599955
                ],
                [
                    -0.006846387777526319,
                    0.9859396774000012,
                    0.1669613113951295,
                    -0.3970752327452954
                ],
                [
                    0.0,
                    0.0,
                    0.0,
                    1.0
                ]
            ],
            "colmap_im_id": 863
        },
        {
            "file_path": "images/frame_00862.jpg",
            "transform_matrix": [
                [
                    0.97271746518261,
                    0.04734797979078491,
                    -0.227109889125174,
                    -0.025821833331795444
                ],
                [
                    -0.23180573369645863,
                    0.1590421582791428,
                    -0.9596727013494543,
                    -2.0112431502526458
                ],
                [
                    -0.009318516736257455,
                    0.9861357719399717,
                    0.16567861825290725,
                    -0.3952008317880754
                ],
                [
                    0.0,
                    0.0,
                    0.0,
                    1.0
                ]
            ],
            "colmap_im_id": 862
        },
        {
            "file_path": "images/frame_00861.jpg",
            "transform_matrix": [
                [
                    0.9933852643466325,
                    0.03151531094769328,
                    -0.11041966199387183,
                    -0.09324997247512712
                ],
                [
                    -0.11397666521126261,
                    0.15366471720037936,
                    -0.9815276228792784,
                    -1.8998667426804854
                ],
                [
                    -0.013965542105140883,
                    0.9876203419652703,
                    0.15624027576176341,
                    -0.39410044985279963
                ],
                [
                    0.0,
                    0.0,
                    0.0,
                    1.0
                ]
            ],
            "colmap_im_id": 861
        },
        {
            "file_path": "images/frame_00860.jpg",
            "transform_matrix": [
                [
                    0.9990237572882459,
                    0.0164184269699192,
                    0.04101179866220679,
                    -0.13309260627989616
                ],
                [
                    0.03826448684079952,
                    0.1423281119253409,
                    -0.9890796416884627,
                    -1.812070495508646
                ],
                [
                    -0.022076263734749992,
                    0.9896833553271476,
                    0.141560922460659,
                    -0.3933343771479024
                ],
                [
                    0.0,
                    0.0,
                    0.0,
                    1.0
                ]
            ],
            "colmap_im_id": 860
        },
        {
            "file_path": "images/frame_00859.jpg",
            "transform_matrix": [
                [
                    0.9753248785513283,
                    -0.0019101913365197208,
                    0.2207662393752603,
                    -0.14599099314040637
                ],
                [
                    0.21924762139014042,
                    0.12578218268923427,
                    -0.967527427535105,
                    -1.719069916773121
                ],
                [
                    -0.02592029694279146,
                    0.9920560436220276,
                    0.12309729696223039,
                    -0.3899559785793643
                ],
                [
                    0.0,
                    0.0,
                    0.0,
                    1.0
                ]
            ],
            "colmap_im_id": 859
        },
        {
            "file_path": "images/frame_00858.jpg",
            "transform_matrix": [
                [
                    0.9119204969597348,
                    -0.017969797117182017,
                    0.40997328402748157,
                    -0.17455169758713043
                ],
                [
                    0.4095366432392477,
                    0.10337074943194637,
                    -0.9064183504354967,
                    -1.6487175414821253
                ],
                [
                    -0.026091091756380278,
                    0.9944805551409465,
                    0.10162519558414176,
                    -0.36955683454177934
                ],
                [
                    0.0,
                    0.0,
                    0.0,
                    1.0
                ]
            ],
            "colmap_im_id": 858
        },
        {
            "file_path": "images/frame_00857.jpg",
            "transform_matrix": [
                [
                    0.8238828179439194,
                    -0.0291343146044238,
                    0.5660108603280659,
                    -0.23634286526845827
                ],
                [
                    0.5662352140386836,
                    0.08528649947547066,
                    -0.8198194285266646,
                    -1.6167521740345379
                ],
                [
                    -0.02438820779296551,
                    0.9959304216258037,
                    0.08676295638632962,
                    -0.347591734810733
                ],
                [
                    0.0,
                    0.0,
                    0.0,
                    1.0
                ]
            ],
            "colmap_im_id": 857
        },
        {
            "file_path": "images/frame_00856.jpg",
            "transform_matrix": [
                [
                    0.74084391988703,
                    -0.029155371801844212,
                    0.6710441495620958,
                    -0.2536680851665011
                ],
                [
                    0.6712421685464756,
                    0.0680889760506844,
                    -0.7381042219804699,
                    -1.5994926096349376
                ],
                [
                    -0.02417100600813384,
                    0.9972531552396642,
                    0.07001361891153181,
                    -0.33979460097373193
                ],
                [
                    0.0,
                    0.0,
                    0.0,
                    1.0
                ]
            ],
            "colmap_im_id": 856
        },
        {
            "file_path": "images/frame_00855.jpg",
            "transform_matrix": [
                [
                    0.677747457745447,
                    -0.024019683987498243,
                    0.7349023324910088,
                    -0.24783408251822428
                ],
                [
                    0.7348886494135222,
                    0.05534105398867739,
                    -0.6759260615678262,
                    -1.5970592881080643
                ],
                [
                    -0.024434739261016327,
                    0.9981785524266503,
                    0.055159051774691825,
                    -0.32508322416285546
                ],
                [
                    0.0,
                    0.0,
                    0.0,
                    1.0
                ]
            ],
            "colmap_im_id": 855
        },
        {
            "file_path": "images/frame_00854.jpg",
            "transform_matrix": [
                [
                    0.6432231594032896,
                    -0.021260257308671312,
                    0.7653835435037909,
                    -0.2642007970136728
                ],
                [
                    0.7654077243017601,
                    0.044448824602023984,
                    -0.6420088142468916,
                    -1.5882075500515012
                ],
                [
                    -0.020371126293151718,
                    0.9987854141158989,
                    0.044863278556976506,
                    -0.3160937006688065
                ],
                [
                    0.0,
                    0.0,
                    0.0,
                    1.0
                ]
            ],
            "colmap_im_id": 854
        },
        {
            "file_path": "images/frame_00853.jpg",
            "transform_matrix": [
                [
                    0.6371847979977928,
                    -0.008668002071389428,
                    0.7706623118724585,
                    -0.29023950572315677
                ],
                [
                    0.7705359980023945,
                    0.02847589740009104,
                    -0.636760079660867,
                    -1.5761935010856907
                ],
                [
                    -0.016425863233518592,
                    0.9995568963332451,
                    0.02482341655944776,
                    -0.2997291739872892
                ],
                [
                    0.0,
                    0.0,
                    0.0,
                    1.0
                ]
            ],
            "colmap_im_id": 853
        },
        {
            "file_path": "images/frame_00852.jpg",
            "transform_matrix": [
                [
                    0.6504640542558958,
                    0.027377105187643514,
                    0.7590434824386059,
                    -0.3115064312163348
                ],
                [
                    0.7591236109315499,
                    0.009535639789406313,
                    -0.6508766510638173,
                    -1.5619859310353739
                ],
                [
                    -0.025057083773386366,
                    0.9995796945143252,
                    -0.014580016029555791,
                    -0.27015932001999277
                ],
                [
                    0.0,
                    0.0,
                    0.0,
                    1.0
                ]
            ],
            "colmap_im_id": 852
        },
        {
            "file_path": "images/frame_00851.jpg",
            "transform_matrix": [
                [
                    0.6915610191755023,
                    0.058075936182622974,
                    0.7199795430381706,
                    -0.34934278157586873
                ],
                [
                    0.7214302264631675,
                    -0.006129669189875961,
                    -0.692460002816716,
                    -1.5365092790018164
                ],
                [
                    -0.0358020265103005,
                    0.9982933500690739,
                    -0.04613677606444941,
                    -0.24640177652699688
                ],
                [
                    0.0,
                    0.0,
                    0.0,
                    1.0
                ]
            ],
            "colmap_im_id": 851
        },
        {
            "file_path": "images/frame_00850.jpg",
            "transform_matrix": [
                [
                    0.7434155334634538,
                    0.0858248218396511,
                    0.6633004180320116,
                    -0.40906100626564
                ],
                [
                    0.6668420473300931,
                    -0.01870864424785117,
                    -0.7449642075583348,
                    -1.4970675587370976
                ],
                [
                    -0.051526968840199125,
                    0.9961345725285311,
                    -0.07113989665118763,
                    -0.23405964883500602
                ],
                [
                    0.0,
                    0.0,
                    0.0,
                    1.0
                ]
            ],
            "colmap_im_id": 850
        },
        {
            "file_path": "images/frame_00849.jpg",
            "transform_matrix": [
                [
                    0.7998514207416502,
                    0.1016809598655102,
                    0.5915223471166515,
                    -0.4315939520215078
                ],
                [
                    0.5964478100248048,
                    -0.024657537832396208,
                    -0.8022730306726374,
                    -1.4531743560077581
                ],
                [
                    -0.06699040718026905,
                    0.9945114319246776,
                    -0.0803697525002367,
