{
    "w": 1080,
    "h": 1920,
    "fl_x": 1087.8531447269381,
    "fl_y": 1089.0071109654596,
    "cx": 540.0,
    "cy": 960.0,
    "k1": -0.026304034337954123,
    "k2": 0.022818910568924253,
    "p1": 0.00022899306303371562,
    "p2": 0.0015732124591613843,
    "camera_model": "OPENCV",
    "frames": [
        {
            "file_path": "images/frame_00109.jpg",
            "transform_matrix": [
                [
                    0.9937828366557657,
                    -0.025798521539575892,
                    -0.10830563168548375,
                    1.764894799183848
                ],
                [
                    -0.10758056186920148,
                    0.028009678948048993,
                    -0.9938017310274389,
                    -2.1832442163711456
                ],
                [
                    0.028672221335755237,
                    0.9992746840441817,
                    0.02506011875618714,
                    4.004644150491984
                ],
                [
                    0.0,
                    0.0,
                    0.0,
                    1.0
                ]
            ],
            "colmap_im_id": 15
        },
        {
            "file_path": "images/frame_00115.jpg",
            "transform_matrix": [
                [
                    0.9861699343858126,
                    0.019713815151432376,
                    -0.16456070614109994,
                    2.45834118909241
                ],
                [
                    -0.16533147231450593,
                    0.04757090737054982,
                    -0.9850901040180335,
                    -1.1320160261048589
                ],
                [
                    -0.01159158210944628,
                    0.9986733070750002,
                    0.050172312684211004,
                    4.488851384927831
                ],
                [
                    0.0,
                    0.0,
                    0.0,
                    1.0
                ]
            ],
            "colmap_im_id": 16
        },
        {
            "file_path": "images/frame_00122.jpg",
            "transform_matrix": [
                [
                    0.9964831414769323,
                    -0.03577787053459455,
                    -0.07577131866527032,
                    2.818411593839475
                ],
                [
                    -0.07966726184552966,
                    -0.12425935014197309,
                    -0.9890463797478509,
                    -0.5366790718379705
                ],
                [
                    0.025970678510581203,
                    0.9916045370420126,
                    -0.12667267256751047,
                    3.2138286733934205
                ],
                [
                    0.0,
                    0.0,
                    0.0,
                    1.0
                ]
            ],
            "colmap_im_id": 17
        },
        {
            "file_path": "images/frame_00128.jpg",
            "transform_matrix": [
                [
                    0.9953921140206172,
                    -0.07628522142054692,
                    -0.058095648188006395,
                    2.770151800644726
                ],
                [
                    -0.07821538489603587,
                    -0.2954615922985843,
                    -0.9521474681171768,
                    -0.49823943356356215
                ],
                [
                    0.05546974771108524,
                    0.9523040546323445,
                    -0.3000668169252729,
                    2.114246404787131
                ],
                [
                    0.0,
                    0.0,
                    0.0,
                    1.0
                ]
            ],
            "colmap_im_id": 18
        },
        {
            "file_path": "images/frame_00103.jpg",
            "transform_matrix": [
                [
                    0.9973028481899745,
                    -0.06543419396650613,
                    0.033247484899135774,
                    1.2239642443086387
                ],
                [
                    0.035104280139066725,
                    0.027434084096659084,
                    -0.9990070372853713,
                    -2.100518295260907
                ],
                [
                    0.0644571059549103,
                    0.9974796926703475,
                    0.029657110482755645,
                    3.272265480861698
                ],
                [
                    0.0,
                    0.0,
                    0.0,
                    1.0
                ]
            ],
            "colmap_im_id": 14
        },
        {
            "file_path": "images/frame_00134.jpg",
            "transform_matrix": [
                [
                    0.9952766197152085,
                    -0.08999403072200685,
                    -0.03640775580387513,
                    2.3207209603604944
                ],
                [
                    -0.05268559850035341,
                    -0.18572186558844805,
                    -0.9811888790406288,
                    0.005767772172698753
                ],
                [
                    0.08153942579468948,
                    0.9784725152382937,
                    -0.18958601996012098,
                    1.5536144361155328
                ],
                [
                    0.0,
                    0.0,
                    0.0,
                    1.0
                ]
            ],
            "colmap_im_id": 19
        },
        {
            "file_path": "images/frame_00097.jpg",
            "transform_matrix": [
                [
                    0.9694524539369564,
                    -0.132757846231504,
                    0.20624571224533544,
                    0.3703084654406136
                ],
                [
                    0.2154352921724512,
                    0.05889045825858114,
                    -0.9747407597985552,
                    -1.6565307994990564
                ],
                [
                    0.11725857939692072,
                    0.9893974268159719,
                    0.08569222466332282,
                    3.212669031696195
                ],
                [
                    0.0,
                    0.0,
                    0.0,
                    1.0
                ]
            ],
            "colmap_im_id": 13
        },
        {
            "file_path": "images/frame_00146.jpg",
            "transform_matrix": [
                [
                    0.9903017275231035,
                    -0.10438446825014396,
                    0.09168626534487727,
                    0.830930090788797
                ],
                [
                    0.0980913804031811,
                    0.05796727867450813,
                    -0.9934877330363322,
                    0.37971349223357936
                ],
                [
                    0.09838988543216712,
                    0.992846250630583,
                    0.06764431279448721,
                    1.7841922984675478
                ],
                [
                    0.0,
                    0.0,
                    0.0,
                    1.0
                ]
            ],
            "colmap_im_id": 21
        },
        {
            "file_path": "images/frame_00140.jpg",
            "transform_matrix": [
                [
                    0.9968453809316766,
                    -0.07306437619022792,
                    -0.030998120057730522,
                    1.5124071518445779
                ],
                [
                    -0.02791494977885759,
                    0.042848125185891386,
                    -0.9986915408407635,
                    -0.0069822250766042645
                ],
                [
                    0.07429698576674884,
                    0.9964063604273043,
                    0.0406733672811643,
                    1.2752158888863707
                ],
                [
                    0.0,
                    0.0,
                    0.0,
                    1.0
                ]
            ],
            "colmap_im_id": 20
        },
        {
            "file_path": "images/frame_00153.jpg",
            "transform_matrix": [
                [
                    0.955762695369003,
                    -0.16306583991504753,
                    0.244800330869422,
                    -0.1453518442164411
                ],
                [
                    0.257647536603539,
                    0.06262243227858916,
                    -0.9642075387890521,
                    0.8109890679637752
                ],
                [
                    0.14189932002341096,
                    0.9846257983763748,
                    0.10186569662344629,
                    1.9693908120809738
                ],
                [
                    0.0,
                    0.0,
                    0.0,
                    1.0
                ]
            ],
            "colmap_im_id": 22
        },
        {
            "file_path": "images/frame_00091.jpg",
            "transform_matrix": [
                [
                    0.9100595313835872,
                    -0.19853403963962182,
                    0.36383496869083226,
                    -0.4286681040149145
                ],
                [
                    0.3911924219773998,
                    0.12134560742273146,
                    -0.9122739350363268,
                    -1.1555703164394546
                ],
                [
                    0.13696765430327637,
                    0.9725530724148587,
                    0.1880967384381685,
                    3.676538954108635
                ],
                [
                    0.0,
                    0.0,
                    0.0,
                    1.0
                ]
            ],
            "colmap_im_id": 12
        },
        {
            "file_path": "images/frame_00084.jpg",
            "transform_matrix": [
                [
                    0.8351870390886658,
                    -0.2740512213693238,
                    0.47682128497403437,
                    -0.5474496759960471
                ],
                [
                    0.5096953200250939,
                    0.060046072994070956,
                    -0.8582570418368308,
                    -0.2951082213861846
                ],
                [
                    0.20657514488152875,
                    0.959838734988317,
                    0.18983232689192536,
                    4.664390131780613
                ],
                [
                    0.0,
                    0.0,
                    0.0,
                    1.0
                ]
            ],
            "colmap_im_id": 11
        },
        {
            "file_path": "images/frame_00056.jpg",
            "transform_matrix": [
                [
                    0.968833587901476,
                    -0.15929319563356473,
                    0.18970281173140174,
                    0.4172957999683102
                ],
                [
                    0.17757807074115467,
                    -0.0873107845704721,
                    -0.9802259207394681,
                    -1.160163457863948
                ],
                [
                    0.17270642068493647,
                    0.9833628550654817,
                    -0.056302642315101584,
                    4.362260002600133
                ],
                [
                    0.0,
                    0.0,
                    0.0,
                    1.0
                ]
            ],
            "colmap_im_id": 7
        },
        {
            "file_path": "images/frame_00062.jpg",
            "transform_matrix": [
                [
                    0.943620151502183,
                    -0.15553421582667523,
                    0.29221587463068904,
                    0.6757152819449392
                ],
                [
                    0.2863318248742486,
                    -0.05948731890365147,
                    -0.9562820425762674,
                    -0.17544894148466147
                ],
                [
                    0.1661177165240962,
                    0.9860377105348641,
                    -0.011599037028285101,
                    5.002976468419804
                ],
                [
                    0.0,
                    0.0,
                    0.0,
                    1.0
                ]
            ],
            "colmap_im_id": 8
        },
        {
            "file_path": "images/frame_00068.jpg",
            "transform_matrix": [
                [
                    0.9078207526829583,
                    -0.12804992021769937,
                    0.39933031306224165,
                    1.0252158983523205
                ],
                [
                    0.37877475960467444,
                    -0.15829765435391666,
                    -0.9118506095367098,
                    1.4784706551537141
                ],
                [
                    0.17997544967180423,
                    0.97905315001704,
                    -0.09520381797566256,
                    4.6288942217312865
                ],
                [
                    0.0,
                    0.0,
                    0.0,
                    1.0
                ]
            ],
            "colmap_im_id": 9
        },
        {
            "file_path": "images/frame_00075.jpg",
            "transform_matrix": [
                [
                    0.9239141720123804,
                    -0.13377660597883823,
                    0.35845002782460506,
                    1.8937798678244493
                ],
                [
                    0.3552003975404705,
                    -0.048246793552585786,
                    -0.933544280952428,
                    1.1773317774899599
                ],
                [
                    0.1421804499281432,
                    0.989836383754748,
                    0.0029416073079086887,
                    5.17407878273175
                ],
                [
                    0.0,
                    0.0,
                    0.0,
                    1.0
                ]
            ],
            "colmap_im_id": 10
        },
        {
            "file_path": "images/frame_00048.jpg",
            "transform_matrix": [
                [
                    0.97013751522979,
                    -0.16306668524909124,
                    0.179561849248784,
                    -0.9955568197696446
                ],
                [
                    0.16959808583809655,
                    -0.07321038042931177,
                    -0.9827902774638387,
                    -1.8494538310351947
                ],
                [
                    0.17340614413515704,
                    0.9838950636929069,
                    -0.043368338876510905,
                    3.573160543432909
                ],
                [
                    0.0,
                    0.0,
                    0.0,
                    1.0
                ]
            ],
            "colmap_im_id": 6
        },
        {
            "file_path": "images/frame_00041.jpg",
            "transform_matrix": [
                [
                    0.9371772063522521,
                    -0.11687789649951938,
                    0.3286920157284564,
                    -1.5441333268335669
                ],
                [
                    0.3200483555778503,
                    -0.08684395073972702,
                    -0.943412517572154,
                    -1.95156998281771
                ],
                [
                    0.13880898380761286,
                    0.9893420467814775,
                    -0.043981592564780604,
                    3.684089854369876
                ],
                [
                    0.0,
                    0.0,
                    0.0,
                    1.0
                ]
            ],
            "colmap_im_id": 5
        },
        {
            "file_path": "images/frame_00035.jpg",
            "transform_matrix": [
                [
                    0.9866486353041117,
                    -0.12042635870207771,
                    0.10964471068999303,
                    -2.610411679012689
                ],
                [
                    0.10448939303841548,
                    -0.048339210426759815,
                    -0.9933505360535028,
                    -1.5377857232684784
                ],
                [
                    0.12492572671390505,
                    0.9915446600456663,
                    -0.03511053887263425,
                    3.4471361687922584
                ],
                [
                    0.0,
                    0.0,
                    0.0,
                    1.0
                ]
            ],
            "colmap_im_id": 4
        },
        {
            "file_path": "images/frame_00159.jpg",
            "transform_matrix": [
                [
                    0.9051602233023338,
                    -0.2313463784062278,
                    0.3566003692504981,
                    -1.0135916287365663
                ],
                [
                    0.37996404283847085,
                    0.06427526176275701,
                    -0.9227654181183719,
                    0.27938216306783525
                ],
                [
                    0.19055785552192225,
                    0.9707458698978079,
                    0.1460827155252621,
                    1.3584678544315743
                ],
                [
                    0.0,
                    0.0,
                    0.0,
                    1.0
                ]
            ],
            "colmap_im_id": 23
        },
        {
            "file_path": "images/frame_00338.jpg",
            "transform_matrix": [
                [
                    0.904659106163677,
                    -0.23090162960479846,
                    0.35815686379153117,
                    1.2305212747438818
                ],
                [
                    0.36099868267076124,
                    -0.03133656623133886,
                    -0.9320396830214923,
                    0.7250899389359805
                ],
                [
                    0.2264328879494143,
                    0.9724723425695342,
                    0.05500627411678242,
                    -0.9739547116237154
                ],
                [
                    0.0,
                    0.0,
                    0.0,
                    1.0
                ]
            ],
            "colmap_im_id": 52
        },
        {
            "file_path": "images/frame_00332.jpg",
            "transform_matrix": [
                [
                    0.9102280720904825,
                    -0.2594223783439939,
                    0.3227768368281545,
                    1.113857588189644
                ],
                [
                    0.3558602804557119,
                    0.09140593612222289,
                    -0.930058286149638,
                    1.8039466811437268
                ],
                [
                    0.21177421366263052,
                    0.9614286164120379,
                    0.17551836932813822,
                    -0.5993897866596941
                ],
                [
                    0.0,
                    0.0,
                    0.0,
                    1.0
                ]
            ],
            "colmap_im_id": 51
        },
        {
            "file_path": "images/frame_00326.jpg",
            "transform_matrix": [
                [
                    0.9091150109532389,
                    -0.3143505448364953,
                    0.2733013571508395,
                    0.8717525061911796
                ],
                [
                    0.35455270175833614,
                    0.23958562796075192,
                    -0.9038202855382903,
                    2.932160391148548
                ],
                [
                    0.21863732191772867,
                    0.9185763233589525,
                    0.329264725758762,
                    -0.347218352819802
                ],
                [
                    0.0,
                    0.0,
                    0.0,
                    1.0
                ]
            ],
            "colmap_im_id": 50
        },
        {
            "file_path": "images/frame_00320.jpg",
            "transform_matrix": [
                [
                    0.9132292647972485,
                    -0.35893273528299824,
                    0.19282012721742026,
                    0.45679299310662486
                ],
                [
                    0.3316981562474062,
                    0.3801024855489592,
                    -0.8634225116485987,
                    3.90646001327442
                ],
                [
                    0.2366191941917401,
                    0.852460786207652,
                    0.46617803993569157,
                    0.16793500063376277
                ],
                [
                    0.0,
                    0.0,
                    0.0,
                    1.0
                ]
            ],
            "colmap_im_id": 49
        },
        {
            "file_path": "images/frame_00314.jpg",
            "transform_matrix": [
                [
                    0.9314018305757668,
                    -0.35444396966883107,
                    0.08282573492285734,
                    0.12938977801640708
                ],
                [
                    0.2737431899165294,
                    0.5321154646493357,
                    -0.801197727315389,
                    4.177364748617167
                ],
                [
                    0.23990684853591315,
                    0.7689100107596613,
                    0.5926399407558894,
                    0.8911387989394715
                ],
                [
                    0.0,
                    0.0,
                    0.0,
                    1.0
                ]
            ],
            "colmap_im_id": 48
        },
        {
            "file_path": "images/frame_00344.jpg",
            "transform_matrix": [
                [
                    0.9125534603080978,
                    -0.24820847815420313,
                    0.32502112770109515,
                    1.1968860454033772
                ],
                [
                    0.3532544618403749,
                    0.07798138301902803,
                    -0.932271521120487,
                    0.46334863983533003
                ],
                [
                    0.20605209843528458,
                    0.9655627660979965,
                    0.15884293328820662,
                    -1.6151205317469848
                ],
                [
                    0.0,
                    0.0,
                    0.0,
                    1.0
                ]
            ],
            "colmap_im_id": 53
        },
        {
            "file_path": "images/frame_00351.jpg",
            "transform_matrix": [
                [
                    0.922096768573974,
                    -0.306887860218247,
                    0.23570615315706295,
                    0.3248750931767439
                ],
                [
                    0.3386294096960708,
                    0.34517901815215163,
                    -0.8753179812596146,
                    0.6889847140918143
                ],
                [
                    0.1872636437601431,
                    0.886944917499493,
                    0.42220971216623143,
                    -1.4098315781019595
                ],
                [
                    0.0,
                    0.0,
                    0.0,
                    1.0
                ]
            ],
            "colmap_im_id": 54
        },
        {
            "file_path": "images/frame_00357.jpg",
            "transform_matrix": [
                [
                    0.9138779582975901,
                    -0.39982114430257487,
                    0.07049914826725166,
                    -0.27170064683072337
                ],
                [
                    0.30974930306352166,
                    0.5743944917417266,
                    -0.7577112491631793,
                    1.4121094110192984
                ],
                [
                    0.26245465625416314,
                    0.7142926714067159,
                    0.6487707861680935,
                    -0.7697336285514091
                ],
                [
                    0.0,
                    0.0,
                    0.0,
                    1.0
                ]
            ],
            "colmap_im_id": 55
        },
        {
            "file_path": "images/frame_00363.jpg",
            "transform_matrix": [
                [
                    0.8731957320648301,
                    -0.4652138615306108,
                    -0.14527655193988778,
                    -0.892695995128311
                ],
                [
                    0.2953720643765172,
                    0.7422479218841807,
                    -0.60151755256565,
                    2.1707193131697857
                ],
                [
                    0.387665522183389,
                    0.4823319246104208,
                    0.7855388961801242,
                    -0.8118691178798355
                ],
                [
                    0.0,
                    0.0,
                    0.0,
                    1.0
                ]
            ],
            "colmap_im_id": 56
        },
        {
            "file_path": "images/frame_00369.jpg",
            "transform_matrix": [
                [
                    0.791764273213738,
                    -0.5088734660927869,
                    -0.3378714713748916,
                    -1.617807307537072
                ],
                [
                    0.33054480545681236,
                    0.8220943980995945,
                    -0.4635740849085325,
                    2.9204539587627965
                ],
                [
                    0.5136627952731628,
                    0.2553597386433074,
                    0.8191104544761849,
                    -0.7754980741587522
                ],
                [
                    0.0,
                    0.0,
                    0.0,
                    1.0
                ]
            ],
            "colmap_im_id": 57
        },
        {
            "file_path": "images/frame_00307.jpg",
            "transform_matrix": [
                [
                    0.9474609214541471,
                    -0.3151813075612967,
                    -0.054576054100765485,
                    -0.6483519575886404
                ],
                [
                    0.18221486229319753,
                    0.6720366831176804,
                    -0.7177495667039148,
                    5.153860856060537
                ],
                [
                    0.26289835731082345,
                    0.6700950976601289,
                    0.6941592135923379,
                    1.5537137595729305
                ],
                [
                    0.0,
                    0.0,
                    0.0,
                    1.0
                ]
            ],
            "colmap_im_id": 47
        },
        {
            "file_path": "images/frame_00375.jpg",
            "transform_matrix": [
                [
                    0.6447432311795003,
                    -0.5077301651057999,
                    -0.571416000204627,
                    -2.2209864950548974
                ],
                [
                    0.33327968219660237,
                    0.8594606728994965,
                    -0.38762353537172695,
                    3.3860930400185114
                ],
                [
                    0.6879177416545884,
                    0.059476307726536774,
                    0.7233475993850184,
                    -1.2601187721108396
                ],
                [
                    0.0,
                    0.0,
                    0.0,
                    1.0
                ]
            ],
            "colmap_im_id": 58
        },
        {
            "file_path": "images/frame_00301.jpg",
            "transform_matrix": [
                [
                    0.9517455811716541,
                    -0.30374443167574644,
                    -0.04381402682028152,
                    -0.07461066134124635
                ],
                [
                    0.1742150866411481,
                    0.6522887405479774,
                    -0.7376777769059812,
                    5.418768794916509
                ],
                [
                    0.25264491347907203,
                    0.6944485000202041,
                    0.6737297889457176,
                    1.391056142352403
                ],
                [
                    0.0,
                    0.0,
                    0.0,
                    1.0
                ]
            ],
            "colmap_im_id": 46
        },
        {
            "file_path": "images/frame_00295.jpg",
            "transform_matrix": [
                [
                    0.9548373210313489,
                    -0.2914290904913831,
                    -0.057920424558545694,
                    1.1165116639521777
                ],
                [
                    0.14910065922831323,
                    0.6385637123897979,
                    -0.7549870056078065,
                    5.21969057173404
                ],
                [
                    0.257011057706394,
                    0.7122537963635749,
                    0.6531767339566801,
                    1.1554309433590848
                ],
                [
                    0.0,
                    0.0,
                    0.0,
                    1.0
                ]
            ],
            "colmap_im_id": 45
        },
        {
            "file_path": "images/frame_00264.jpg",
            "transform_matrix": [
                [
                    0.9209517529713567,
                    -0.2627021332204737,
                    0.28781149716506765,
                    0.853599324038561
                ],
                [
                    0.34784852064133515,
                    0.22131344440795994,
                    -0.9110553034870712,
                    -0.5741588028683154
                ],
                [
                    0.17563961793006674,
                    0.9391527823127063,
                    0.29519955299370426,
                    -1.0121163669798332
                ],
                [
                    0.0,
                    0.0,
                    0.0,
                    1.0
                ]
            ],
            "colmap_im_id": 40
        },
        {
            "file_path": "images/frame_00258.jpg",
            "transform_matrix": [
                [
                    0.8581637361659442,
                    -0.3285880727198442,
                    0.3944424931418599,
                    0.012169592209488695
                ],
                [
                    0.46776697970542663,
                    0.18387730977838776,
                    -0.8645132663215329,
                    -1.278697543244287
                ],
                [
                    0.21153972352012446,
                    0.9264011082759569,
                    0.31149948949895256,
                    -1.3298423561309878
                ],
                [
                    0.0,
                    0.0,
                    0.0,
                    1.0
                ]
            ],
            "colmap_im_id": 39
        },
        {
            "file_path": "images/frame_00252.jpg",
            "transform_matrix": [
                [
                    0.7203083749249878,
                    -0.42470264065057206,
                    0.5484373364727768,
                    -0.79032705813296
                ],
                [
                    0.6483775098261625,
                    0.13126639251352717,
                    -0.7499171547231798,
                    -1.5270826072884065
                ],
                [
                    0.24650040520158897,
                    0.8957660415649366,
                    0.3699199224352978,
                    -1.498798004557635
                ],
                [
                    0.0,
                    0.0,
                    0.0,
                    1.0
                ]
            ],
            "colmap_im_id": 38
        },
        {
            "file_path": "images/frame_00165.jpg",
            "transform_matrix": [
                [
                    0.8399489810355988,
                    -0.27661635173023835,
                    0.46687161320079446,
                    -1.7807777370879314
                ],
                [
                    0.4908135508497658,
                    0.02024254449259411,
                    -0.8710294470881623,
                    -0.3180248415031787
                ],
                [
                    0.23149031850058788,
                    0.9607672107997433,
                    0.15276975843594823,
                    1.0563681928263433
                ],
                [
                    0.0,
                    0.0,
                    0.0,
                    1.0
                ]
            ],
            "colmap_im_id": 24
        },
        {
            "file_path": "images/frame_00171.jpg",
            "transform_matrix": [
                [
                    0.7575802080485906,
                    -0.3359388614312248,
                    0.5596582079746052,
                    -2.4283859936008607
                ],
                [
                    0.5866955354718608,
                    -0.025373711526987745,
                    -0.8094099847547791,
                    -0.8075755141770012
                ],
                [
                    0.28611287463244406,
                    0.9415419566560149,
                    0.17787120853561944,
                    0.7086947233004718
                ],
                [
                    0.0,
                    0.0,
                    0.0,
                    1.0
                ]
            ],
            "colmap_im_id": 25
        },
        {
            "file_path": "images/frame_00177.jpg",
            "transform_matrix": [
                [
                    0.6331158160323235,
                    -0.381361547923545,
                    0.6735931511343348,
                    -2.9864954272392232
                ],
                [
                    0.7070027722719995,
                    -0.06938202457978139,
                    -0.7037991294857628,
                    -1.3454891400150313
                ],
                [
                    0.31513718201670876,
                    0.9218185854226245,
                    0.22569681451008436,
                    0.46542686605444944
                ],
                [
                    0.0,
                    0.0,
                    0.0,
                    1.0
                ]
            ],
            "colmap_im_id": 26
        },
        {
            "file_path": "images/frame_00270.jpg",
            "transform_matrix": [
                [
                    0.9533702566466483,
                    -0.2444266033463257,
                    0.17703330002596038,
                    2.179630608679146
                ],
                [
                    0.2438093087587266,
                    0.27802040142986306,
                    -0.929118763857113,
                    0.18586405122074964
                ],
                [
                    0.17788247441526014,
                    0.9289565608602783,
                    0.3246498626683039,
                    -0.704678033095494
                ],
                [
                    0.0,
                    0.0,
                    0.0,
                    1.0
                ]
            ],
            "colmap_im_id": 41
        },
        {
            "file_path": "images/frame_00276.jpg",
            "transform_matrix": [
                [
                    0.9485373601558005,
                    -0.28221706381734535,
                    0.14363288369653224,
                    3.079891122636734
                ],
                [
                    0.23824799917045644,
                    0.33721958173155986,
                    -0.9107803492544544,
                    1.1963315658810065
                ],
                [
                    0.2086019349860861,
                    0.8981294353193799,
                    0.3871030226347405,
                    -0.42956486701224295
                ],
                [
                    0.0,
                    0.0,
                    0.0,
                    1.0
                ]
            ],
            "colmap_im_id": 42
        },
        {
            "file_path": "images/frame_00183.jpg",
            "transform_matrix": [
                [
                    0.47875743181830827,
                    -0.41671142944358175,
                    0.7727502222903755,
                    -3.603705953366582
                ],
                [
                    0.8120815369979612,
                    -0.12429596141819034,
                    -0.5701526911645305,
                    -1.9651525576419797
                ],
                [
                    0.3336388747519791,
                    0.9005010263993118,
                    0.2788960428332011,
                    0.17328408174436644
                ],
                [
                    0.0,
                    0.0,
                    0.0,
                    1.0
                ]
            ],
            "colmap_im_id": 27
        },
        {
            "file_path": "images/frame_00382.jpg",
            "transform_matrix": [
                [
                    0.5781029410656291,
                    -0.6417494981270686,
                    -0.5039390550303928,
                    -2.5196072919488475
                ],
                [
                    0.42903403335676765,
                    0.7644028568902029,
                    -0.48126715096681966,
                    2.8509894759634427
                ],
                [
                    0.6940654059617822,
                    0.06201495006650709,
                    0.7172359153133332,
                    -1.756890855018784
                ],
                [
                    0.0,
                    0.0,
                    0.0,
                    1.0
                ]
            ],
            "colmap_im_id": 59
        },
        {
            "file_path": "images/frame_00283.jpg",
            "transform_matrix": [
                [
                    0.9166176871154477,
                    -0.3963440527788799,
                    0.05218627687371202,
                    2.936099828271925
                ],
                [
                    0.24626284502431178,
                    0.45698977924788603,
                    -0.8547016747517816,
                    2.7086890994826622
                ],
                [
                    0.3149073305397304,
                    0.7962862132988245,
                    0.5164897285353892,
                    0.5471110942558229
                ],
                [
                    0.0,
                    0.0,
                    0.0,
                    1.0
                ]
            ],
            "colmap_im_id": 43
