{
    "w": 1920,
    "h": 1080,
    "fl_x": 1731.2809567431925,
    "fl_y": 1736.5775367330227,
    "cx": 960.0,
    "cy": 540.0,
    "k1": -0.011798438395675799,
    "k2": -0.031944721437612296,
    "p1": 0.00014622813917484557,
    "p2": 0.003124593827923766,
    "camera_model": "OPENCV",
    "frames": [
        {
            "file_path": "images/frame_00038.jpg",
            "transform_matrix": [
                [
                    0.9900813556519703,
                    -0.1388892247712808,
                    0.02118236136008806,
                    1.849118772718895
                ],
                [
                    0.019172085675116857,
                    -0.015796042730038772,
                    -0.9996914104687189,
                    -1.4462642210752312
                ],
                [
                    0.13918096249567577,
                    0.9901819369572964,
                    -0.012976571283427678,
                    -2.3069859704184696
                ],
                [
                    0.0,
                    0.0,
                    0.0,
                    1.0
                ]
            ],
            "colmap_im_id": 25
        },
        {
            "file_path": "images/frame_00042.jpg",
            "transform_matrix": [
                [
                    0.9719185591921187,
                    0.11388282262076933,
                    -0.20592478483621682,
                    0.926079895335931
                ],
                [
                    -0.20922291817469654,
                    0.017678661100244783,
                    -0.9777081545390561,
                    -1.7853108395957678
                ],
                [
                    -0.10770368985499076,
                    0.9933368852779147,
                    0.041009115303684375,
                    -1.5943943620106291
                ],
                [
                    0.0,
                    0.0,
                    0.0,
                    1.0
                ]
            ],
            "colmap_im_id": 29
        },
        {
            "file_path": "images/frame_00037.jpg",
            "transform_matrix": [
                [
                    0.9830782322787984,
                    -0.1745625359589212,
                    0.05554376886009099,
                    1.911554345430525
                ],
                [
                    0.04928784313171972,
                    -0.0399742502829653,
                    -0.9979843524994457,
                    -1.3860388182012537
                ],
                [
                    0.17643099993769762,
                    0.9838343256635771,
                    -0.03069400441582929,
                    -2.397443542699943
                ],
                [
                    0.0,
                    0.0,
                    0.0,
                    1.0
                ]
            ],
            "colmap_im_id": 24
        },
        {
            "file_path": "images/frame_00035.jpg",
            "transform_matrix": [
                [
                    0.977313544674163,
                    -0.1968033716630536,
                    0.07827303685482642,
                    2.006884551101009
                ],
                [
                    0.06713680689339496,
                    -0.06264446042514782,
                    -0.9957752360539005,
                    -1.130472645718736
                ],
                [
                    0.20087529603358897,
                    0.9784396274068707,
                    -0.04801052971299007,
                    -2.431080587708215
                ],
                [
                    0.0,
                    0.0,
                    0.0,
                    1.0
                ]
            ],
            "colmap_im_id": 23
        },
        {
            "file_path": "images/frame_00034.jpg",
            "transform_matrix": [
                [
                    0.9778230890670193,
                    -0.19554924696131643,
                    0.07498332148080976,
                    2.0042406854768844
                ],
                [
                    0.06372509117716164,
                    -0.06325058599140428,
                    -0.9959610816323127,
                    -1.0651675199641957
                ],
                [
                    0.19950217853922003,
                    0.9786520604303688,
                    -0.049386489787178876,
                    -2.4110199836831234
                ],
                [
                    0.0,
                    0.0,
                    0.0,
                    1.0
                ]
            ],
            "colmap_im_id": 22
        },
        {
            "file_path": "images/frame_00033.jpg",
            "transform_matrix": [
                [
                    0.9809441980779217,
                    -0.18463442256676682,
                    0.06048644691747023,
                    1.9428087839867039
                ],
                [
                    0.04958165033558186,
                    -0.06312177175320156,
                    -0.9967734456137647,
                    -1.0260512661159749
                ],
                [
                    0.18785670125727066,
                    0.9807781461340651,
                    -0.05276445639408441,
                    -2.4130645519105047
                ],
                [
                    0.0,
                    0.0,
                    0.0,
                    1.0
                ]
            ],
            "colmap_im_id": 21
        },
        {
            "file_path": "images/frame_00032.jpg",
            "transform_matrix": [
                [
                    0.9873184871620077,
                    -0.15394527007024122,
                    0.03876930140104352,
                    1.800389166758916
                ],
                [
                    0.028649167434830838,
                    -0.06742189183581705,
                    -0.9973131472644738,
                    -0.971174387288795
                ],
                [
                    0.15614554144584308,
                    0.985776415991111,
                    -0.062156476430896807,
                    -2.4031453513059646
                ],
                [
                    0.0,
                    0.0,
                    0.0,
                    1.0
                ]
            ],
            "colmap_im_id": 20
        },
        {
            "file_path": "images/frame_00031.jpg",
            "transform_matrix": [
                [
                    0.993192290398264,
                    -0.11579609579121183,
                    0.012662483680665245,
                    1.6479777486502274
                ],
                [
                    0.004149000648679681,
                    -0.07346878782185713,
                    -0.9972888864364249,
                    -0.9094887464972355
                ],
                [
                    0.11641245675213577,
                    0.9905521699615317,
                    -0.07248819557302205,
                    -2.4487989545951
                ],
                [
                    0.0,
                    0.0,
                    0.0,
                    1.0
                ]
            ],
            "colmap_im_id": 19
        },
        {
            "file_path": "images/frame_00039.jpg",
            "transform_matrix": [
                [
                    0.9960272270813876,
                    -0.08252506062881146,
                    -0.033457096119848866,
                    1.7207147341484073
                ],
                [
                    -0.033164301149024175,
                    0.004916570819105536,
                    -0.9994378202072792,
                    -1.4867329959233906
                ],
                [
                    0.08264316088980773,
                    0.9965768619126134,
                    0.0021601524366675726,
                    -2.162640460384241
                ],
                [
                    0.0,
                    0.0,
                    0.0,
                    1.0
                ]
            ],
            "colmap_im_id": 26
        },
        {
            "file_path": "images/frame_00029.jpg",
            "transform_matrix": [
                [
                    0.9979184062213178,
                    -0.0061951282238244705,
                    -0.06419092545676022,
                    1.2634563876722442
                ],
                [
                    -0.06448679664247438,
                    -0.08730094892462972,
                    -0.9940925497033217,
                    -0.8412834475201375
                ],
                [
                    0.000554602107035343,
                    0.9961627199926473,
                    -0.08751872778641899,
                    -2.5287748406433015
                ],
                [
                    0.0,
                    0.0,
                    0.0,
                    1.0
                ]
            ],
            "colmap_im_id": 18
        },
        {
            "file_path": "images/frame_00028.jpg",
            "transform_matrix": [
                [
                    0.9925307895132949,
                    0.05254239116559701,
                    -0.11009963214614812,
                    1.0753667557463893
                ],
                [
                    -0.1045575754070691,
                    -0.0985904674779783,
                    -0.9896199437902758,
                    -0.8146285133378373
                ],
                [
                    -0.06285177239434699,
                    0.9937400147186766,
                    -0.09236036949803798,
                    -2.4849901720114316
                ],
                [
                    0.0,
                    0.0,
                    0.0,
                    1.0
                ]
            ],
            "colmap_im_id": 17
        },
        {
            "file_path": "images/frame_00027.jpg",
            "transform_matrix": [
                [
                    0.9836472798470017,
                    0.09990942171655995,
                    -0.1498537163431621,
                    0.9522550434780535
                ],
                [
                    -0.1388224746641206,
                    -0.10950281690659917,
                    -0.9842446106622325,
                    -0.8020815352396629
                ],
                [
                    -0.11474471394240308,
                    0.9889525977223491,
                    -0.09384247482080646,
                    -2.4980232927088357
                ],
                [
                    0.0,
                    0.0,
                    0.0,
                    1.0
                ]
            ],
            "colmap_im_id": 16
        },
        {
            "file_path": "images/frame_00026.jpg",
            "transform_matrix": [
                [
                    0.9689630592910891,
                    0.1521088704233341,
                    -0.19486785591213082,
                    0.8546082876273908
                ],
                [
                    -0.17773159745148198,
                    -0.11923772457978729,
                    -0.9768284620671017,
                    -0.8526818765551056
                ],
                [
                    -0.17181987369509386,
                    0.9811448703303566,
                    -0.0885023978648593,
                    -2.484791590360501
                ],
                [
                    0.0,
                    0.0,
                    0.0,
                    1.0
                ]
            ],
            "colmap_im_id": 15
        },
        {
            "file_path": "images/frame_00109.jpg",
            "transform_matrix": [
                [
                    0.9405332930709606,
                    -0.2802797316669406,
                    0.1919385230791421,
                    2.6442634735112205
                ],
                [
                    0.14762505054031724,
                    -0.17164504652464532,
                    -0.9740353291624083,
                    -1.373030844297171
                ],
                [
                    0.305947657415551,
                    0.9444475898747692,
                    -0.12006157129438425,
                    -2.704020647167342
                ],
                [
                    0.0,
                    0.0,
                    0.0,
                    1.0
                ]
            ],
            "colmap_im_id": 85
        },
        {
            "file_path": "images/frame_00108.jpg",
            "transform_matrix": [
                [
                    0.9632524915161005,
                    -0.2245353116706747,
                    0.1474060087003836,
                    2.3905241549831366
                ],
                [
                    0.10409802277242987,
                    -0.19382879725017088,
                    -0.9754967960026434,
                    -1.446679297931379
                ],
                [
                    0.2476050064980417,
                    0.9549943932660052,
                    -0.16333238989128768,
                    -2.862480435652017
                ],
                [
                    0.0,
                    0.0,
                    0.0,
                    1.0
                ]
            ],
            "colmap_im_id": 84
        },
        {
            "file_path": "images/frame_00110.jpg",
            "transform_matrix": [
                [
                    0.9131734638197256,
                    -0.3304972039285641,
                    0.23850749080665223,
                    2.825756418725366
                ],
                [
                    0.19433867752073974,
                    -0.16130382334674334,
                    -0.9675812911550183,
                    -1.2945877337597922
                ],
                [
                    0.35825508146427465,
                    0.9299207895133453,
                    -0.0830699815571314,
                    -2.584756401251548
                ],
                [
                    0.0,
                    0.0,
                    0.0,
                    1.0
                ]
            ],
            "colmap_im_id": 86
        },
        {
            "file_path": "images/frame_00112.jpg",
            "transform_matrix": [
                [
                    0.8319842820629141,
                    -0.42712773767436235,
                    0.3540678608818347,
                    3.319439434569963
                ],
                [
                    0.3085907841799396,
                    -0.1740847776678692,
                    -0.9351289847414304,
                    -1.4106396572079913
                ],
                [
                    0.4610573525272828,
                    0.88727469584876,
                    -0.01302811525214916,
                    -2.2429446596647575
                ],
                [
                    0.0,
                    0.0,
                    0.0,
                    1.0
                ]
            ],
            "colmap_im_id": 87
        },
        {
            "file_path": "images/frame_00113.jpg",
            "transform_matrix": [
                [
                    0.7794782131455542,
                    -0.47539777916973336,
                    0.4079346354404089,
                    3.644532344229755
                ],
                [
                    0.3626119352296625,
                    -0.18859327657497293,
                    -0.9126582933714649,
                    -1.4310903151868335
                ],
                [
                    0.5108094553357572,
                    0.859319223333914,
                    0.025380558472695547,
                    -2.231530371858925
                ],
                [
                    0.0,
                    0.0,
                    0.0,
                    1.0
                ]
            ],
            "colmap_im_id": 88
        },
        {
            "file_path": "images/frame_00114.jpg",
            "transform_matrix": [
                [
                    0.7311910269143195,
                    -0.5129255455678505,
                    0.44974111093373037,
                    3.884276848066592
                ],
                [
                    0.4043923879532768,
                    -0.2050373415901805,
                    -0.891306055807475,
                    -1.3633726061469693
                ],
                [
                    0.5493873667326448,
                    0.8335868720520702,
                    0.057501721861314185,
                    -2.1567526159176533
                ],
                [
                    0.0,
                    0.0,
                    0.0,
                    1.0
                ]
            ],
            "colmap_im_id": 89
        },
        {
            "file_path": "images/frame_00115.jpg",
            "transform_matrix": [
                [
                    0.6706210211649282,
                    -0.5568933360853527,
                    0.49003801709197536,
                    4.090568760953747
                ],
                [
                    0.44868327702464905,
                    -0.22154373263553861,
                    -0.8657954096946548,
                    -1.1928916303970976
                ],
                [
                    0.590720545512115,
                    0.8004924651448255,
                    0.1012968427752306,
                    -1.9783856746061799
                ],
                [
                    0.0,
                    0.0,
                    0.0,
                    1.0
                ]
            ],
            "colmap_im_id": 90
        },
        {
            "file_path": "images/frame_00116.jpg",
            "transform_matrix": [
                [
                    0.6125453383056323,
                    -0.592638537790955,
                    0.5230370656512187,
                    4.224617795202015
                ],
                [
                    0.48540656117081216,
                    -0.24020447378889032,
                    -0.8406439681245139,
                    -1.0119705754251516
                ],
                [
                    0.6238338551989343,
                    0.7688181672520502,
                    0.1405345039868638,
                    -1.8001935680197503
                ],
                [
                    0.0,
                    0.0,
                    0.0,
                    1.0
                ]
            ],
            "colmap_im_id": 91
        },
        {
            "file_path": "images/frame_00118.jpg",
            "transform_matrix": [
                [
                    0.47213516492979063,
                    -0.6629974759972193,
                    0.5809670669306788,
                    4.474238845264683
                ],
                [
                    0.5542260804547754,
                    -0.2892483530744523,
                    -0.7804926918219375,
                    -0.6632792124762834
                ],
                [
                    0.6855084520124138,
                    0.690485146158144,
                    0.2308861735888711,
                    -1.210184356551406
                ],
                [
                    0.0,
                    0.0,
                    0.0,
                    1.0
                ]
            ],
            "colmap_im_id": 92
        },
        {
            "file_path": "images/frame_00106.jpg",
            "transform_matrix": [
                [
                    0.9836842038334536,
                    -0.1396350619524329,
                    0.11343472396971142,
                    1.9848515588447775
                ],
                [
                    0.07434247829000036,
                    -0.258670841034855,
                    -0.9631005097704091,
                    -1.6531109391764514
                ],
                [
                    0.16382485480001266,
                    0.9558197766691485,
                    -0.24406960375657963,
                    -2.9463362667940998
                ],
                [
                    0.0,
                    0.0,
                    0.0,
                    1.0
                ]
            ],
            "colmap_im_id": 83
        },
        {
            "file_path": "images/frame_00105.jpg",
            "transform_matrix": [
                [
                    0.9881673426927875,
                    -0.1127137280598588,
                    0.10402364318905068,
                    1.7641504301152835
                ],
                [
                    0.06771598700228017,
                    -0.2879344860451125,
                    -0.9552529910187374,
                    -1.7346156680113198
                ],
                [
                    0.1376221200962322,
                    0.9509938734044426,
                    -0.2768949346005324,
                    -3.0150663114545937
                ],
                [
                    0.0,
                    0.0,
                    0.0,
                    1.0
                ]
            ],
            "colmap_im_id": 82
        },
        {
            "file_path": "images/frame_00104.jpg",
            "transform_matrix": [
                [
                    0.990444999953129,
                    -0.09599786414965808,
                    0.09901066683216804,
                    1.6279012915242717
                ],
                [
                    0.06591347797713337,
                    -0.3011108951861134,
                    -0.9513083843954995,
                    -1.7971071802486436
                ],
                [
                    0.12113676357243798,
                    0.9487447701457549,
                    -0.29190622746401623,
                    -3.021775198073415
                ],
                [
                    0.0,
                    0.0,
                    0.0,
                    1.0
                ]
            ],
            "colmap_im_id": 81
        },
        {
            "file_path": "images/frame_00101.jpg",
            "transform_matrix": [
                [
                    0.9975356939648147,
                    -0.048562918203394194,
                    0.05063775510136591,
                    1.2949541873563628
                ],
                [
                    0.036223000507992244,
                    -0.2616343171148286,
                    -0.9644871063638203,
                    -1.6506111726182622
                ],
                [
                    0.060086882930748355,
                    0.96394456639551,
                    -0.25923047547739986,
                    -2.802989484025837
                ],
                [
                    0.0,
                    0.0,
                    0.0,
                    1.0
                ]
            ],
            "colmap_im_id": 79
        },
        {
            "file_path": "images/frame_00102.jpg",
            "transform_matrix": [
                [
                    0.9939112936991914,
                    -0.07232127627159224,
                    0.08312624889676973,
                    1.4577344520301763
                ],
                [
                    0.057988659821601,
                    -0.2981586997731064,
                    -0.9527532236007944,
                    -1.817064422037957
                ],
                [
                    0.09368914339075962,
                    0.9517725688146611,
                    -0.2921494851315796,
                    -3.01929008513532
                ],
                [
                    0.0,
                    0.0,
                    0.0,
                    1.0
                ]
            ],
            "colmap_im_id": 80
        },
        {
            "file_path": "images/frame_00100.jpg",
            "transform_matrix": [
                [
                    0.9997574183516054,
                    -0.01781069632584687,
                    0.012956988358473578,
                    1.1127792816265378
                ],
                [
                    0.0087287155228209,
                    -0.21971459044818456,
                    -0.975525144867885,
                    -1.6119588430432807
                ],
                [
                    0.0202216215040936,
                    0.9754015982356063,
                    -0.21950582721916564,
                    -2.646467049620904
                ],
                [
                    0.0,
                    0.0,
                    0.0,
                    1.0
                ]
            ],
            "colmap_im_id": 78
        },
        {
            "file_path": "images/frame_00099.jpg",
            "transform_matrix": [
                [
                    0.9986572732384812,
                    0.027694052223008452,
                    -0.04378001917942121,
                    0.8222986602763445
                ],
                [
                    -0.038573692295945164,
                    -0.1665829541493919,
                    -0.9852726473669707,
                    -1.5716305925269822
                ],
                [
                    -0.0345791970777077,
                    0.9856384524044964,
                    -0.1652910169099645,
                    -2.508835864597424
                ],
                [
                    0.0,
                    0.0,
                    0.0,
                    1.0
                ]
            ],
            "colmap_im_id": 77
        },
        {
            "file_path": "images/frame_00098.jpg",
            "transform_matrix": [
                [
                    0.9931988332049156,
                    0.07068524199170637,
                    -0.09251850779691564,
                    0.5562491719353546
                ],
                [
                    -0.0826057643974733,
                    -0.13218713200235718,
                    -0.9877767206313885,
                    -1.6647390890300688
                ],
                [
                    -0.08205099273441585,
                    0.9887012484555511,
                    -0.12544909682310004,
                    -2.351245765118936
                ],
                [
                    0.0,
                    0.0,
                    0.0,
                    1.0
                ]
            ],
            "colmap_im_id": 76
        },
        {
            "file_path": "images/frame_00040.jpg",
            "transform_matrix": [
                [
                    0.9950069709985271,
                    -0.01648315062549589,
                    -0.09843491966671884,
                    1.5240919872841239
                ],
                [
                    -0.09827818874221678,
                    0.010064898851433818,
                    -0.995108082284864,
                    -1.4860028408692452
                ],
                [
                    0.01739325391884431,
                    0.9998134843842463,
                    0.008394710331332843,
                    -1.9766193137790156
                ],
                [
                    0.0,
                    0.0,
                    0.0,
                    1.0
                ]
            ],
            "colmap_im_id": 27
        },
        {
            "file_path": "images/frame_00119.jpg",
            "transform_matrix": [
                [
                    0.39435232940292114,
                    -0.6929143677804904,
                    0.6036190182705089,
                    4.537558948087119
                ],
                [
                    0.5911232532463186,
                    -0.31164903154733586,
                    -0.7439409792497631,
                    -0.4508918068166892
                ],
                [
                    0.7036046757704062,
                    0.6501880959068466,
                    0.28669827375666324,
                    -0.9660758245564752
                ],
                [
                    0.0,
                    0.0,
                    0.0,
                    1.0
                ]
            ],
            "colmap_im_id": 93
        },
        {
            "file_path": "images/frame_00120.jpg",
            "transform_matrix": [
                [
                    0.33285008069370786,
                    -0.7098856835534884,
                    0.6207037458143688,
                    4.5928455834320925
                ],
                [
                    0.6155902384187428,
                    -0.3350485951240354,
                    -0.7132959394732074,
                    -0.3493080568627516
                ],
                [
                    0.7143244935921961,
                    0.6195197778854253,
                    0.3254777452653955,
                    -0.7737092520844039
                ],
                [
                    0.0,
                    0.0,
                    0.0,
                    1.0
                ]
            ],
            "colmap_im_id": 94
        },
        {
            "file_path": "images/frame_00121.jpg",
            "transform_matrix": [
                [
                    0.26225293813696515,
                    -0.7302211557941314,
                    0.6308727764527583,
                    4.632689093836699
                ],
                [
                    0.6377110145726741,
                    -0.3595169730493742,
                    -0.6812284550590252,
                    -0.17035190348919507
                ],
                [
                    0.7242569007826019,
                    0.5809686822197032,
                    0.37138569163159973,
                    -0.5243300297233728
                ],
                [
                    0.0,
                    0.0,
                    0.0,
                    1.0
                ]
            ],
            "colmap_im_id": 95
        },
        {
            "file_path": "images/frame_00097.jpg",
            "transform_matrix": [
                [
                    0.9832500602173575,
                    0.11787513569705116,
                    -0.1390135657659526,
                    0.3467687557150901
                ],
                [
                    -0.12654299816996856,
                    -0.1074167545131554,
                    -0.9861280395891884,
                    -1.673258863006494
                ],
                [
                    -0.13117236254912232,
                    0.9872016477064157,
                    -0.0907012572626164,
                    -2.2102118910387616
                ],
                [
                    0.0,
                    0.0,
                    0.0,
                    1.0
                ]
            ],
            "colmap_im_id": 75
        },
        {
            "file_path": "images/frame_00122.jpg",
            "transform_matrix": [
                [
                    0.19719613788894252,
                    -0.7468303589316003,
                    0.6351047930694441,
                    4.698784855284661
                ],
                [
                    0.6539358769808056,
                    -0.3824447909827062,
                    -0.6527663063053566,
                    -0.037004036510983114
                ],
                [
                    0.7303982146740429,
                    0.544040804378027,
                    0.4129625299862926,
                    -0.3133308804006519
                ],
                [
                    0.0,
                    0.0,
                    0.0,
                    1.0
                ]
            ],
            "colmap_im_id": 96
        },
        {
            "file_path": "images/frame_00041.jpg",
            "transform_matrix": [
                [
                    0.9872694277251676,
                    0.04441357487566791,
                    -0.15273019166485652,
                    1.2539396883247684
                ],
                [
                    -0.15344944449647727,
                    0.013242964388280614,
                    -0.9880677567241699,
                    -1.6345397899362042
                ],
                [
                    -0.04186102080626918,
                    0.998925451803574,
                    0.019889612265776513,
                    -1.7128344922312517
                ],
                [
                    0.0,
                    0.0,
                    0.0,
                    1.0
                ]
            ],
            "colmap_im_id": 28
        },
        {
            "file_path": "images/frame_00123.jpg",
            "transform_matrix": [
                [
                    0.11447525542666234,
                    -0.7679789188300603,
                    0.6301617222012236,
                    4.69978862881756
                ],
                [
                    0.6697842613024735,
                    -0.4088097210109867,
                    -0.6198900348597477,
                    0.11745370281625711
                ],
                [
                    0.7336787166100025,
                    0.49303447368265335,
                    0.467581595610829,
                    -0.08447059139644343
                ],
                [
                    0.0,
                    0.0,
                    0.0,
                    1.0
                ]
            ],
            "colmap_im_id": 97
        },
        {
            "file_path": "images/frame_00025.jpg",
            "transform_matrix": [
                [
                    0.9533368725955415,
                    0.19220024476268419,
                    -0.2328258432024176,
                    0.715223061606221
                ],
                [
                    -0.21088919675606313,
                    -0.12790973763970515,
                    -0.9691051778359892,
                    -0.9321310842474301
                ],
                [
                    -0.21604294490062612,
                    0.9729841545113188,
                    -0.08140811402163149,
                    -2.4385164733886633
                ],
                [
                    0.0,
                    0.0,
                    0.0,
                    1.0
                ]
            ],
            "colmap_im_id": 14
        },
        {
            "file_path": "images/frame_00022.jpg",
            "transform_matrix": [
                [
                    0.8893734283267517,
                    0.29620026114818215,
                    -0.3482532272385553,
                    0.14478899523209526
                ],
                [
                    -0.31838615433954126,
                    -0.14537823198182698,
                    -0.9367472585445427,
                    -0.918796044897754
                ],
                [
                    -0.32809322106864386,
                    0.9439971265642638,
                    -0.03498947452042167,
                    -2.221979156149084
                ],
                [
                    0.0,
                    0.0,
                    0.0,
                    1.0
                ]
            ],
            "colmap_im_id": 12
        },
        {
            "file_path": "images/frame_00044.jpg",
            "transform_matrix": [
                [
                    0.9385451584518345,
                    0.22307576769959928,
                    -0.2633822078498378,
                    0.4305660845252907
                ],
                [
                    -0.2773163747945543,
                    0.03304554134762691,
                    -0.9602101959820302,
                    -1.9506184979159416
                ],
                [
                    -0.20549601898194295,
                    0.9742408296013245,
                    0.09287729604320014,
                    -1.4263750512930757
                ],
                [
                    0.0,
                    0.0,
                    0.0,
                    1.0
                ]
            ],
            "colmap_im_id": 30
        },
        {
            "file_path": "images/frame_00024.jpg",
            "transform_matrix": [
                [
                    0.9326545189007599,
                    0.2308688219446004,
                    -0.27722758778286183,
                    0.48645266516086555
                ],
                [
                    -0.2515245191867519,
                    -0.1347748544824591,
                    -0.958421178212953,
                    -0.9349567055285947
                ],
                [
                    -0.2586328761427387,
                    0.9636053785928885,
                    -0.06762920763243038,
                    -2.343227743007636
                ],
                [
                    0.0,
                    0.0,
                    0.0,
                    1.0
                ]
            ],
            "colmap_im_id": 13
        },
        {
            "file_path": "images/frame_00020.jpg",
            "transform_matrix": [
                [
                    0.8486345380002598,
                    0.3489069413154744,
                    -0.39759699095310763,
                    -0.24964480056112168
                ],
                [
                    -0.36773180110556947,
                    -0.15118429047477155,
                    -0.9175601521258939,
                    -0.8399942702033798
                ],
                [
                    -0.380253525123357,
                    0.9248822933841471,
                    3.967448219871211e-06,
                    -2.015111891224566
                ],
                [
                    0.0,
                    0.0,
                    0.0,
                    1.0
                ]
            ],
            "colmap_im_id": 10
        },
        {
            "file_path": "images/frame_00021.jpg",
            "transform_matrix": [
                [
                    0.8696128193562569,
                    0.3236334523965731,
                    -0.37287388337229677,
                    -0.028456364404806225
                ],
                [
                    -0.3431078444082834,
                    -0.1469430027036543,
                    -0.9277309745082004,
                    -0.9022039690575848
                ],
                [
                    -0.3550359862278235,
                    0.934702702706218,
                    -0.016742342635599858,
                    -2.1570347033448285
                ],
                [
                    0.0,
                    0.0,
                    0.0,
                    1.0
                ]
            ],
            "colmap_im_id": 11
        },
        {
            "file_path": "images/frame_00019.jpg",
            "transform_matrix": [
                [
                    0.831913768599943,
                    0.36633334949356117,
                    -0.4167965434869497,
                    -0.4041864644313787
                ],
                [
                    -0.38729391420842646,
                    -0.15459268814748492,
                    -0.9089029237429321,
                    -0.7447787263255964
                ],
                [
                    -0.39739515048746676,
                    0.9175516213380926,
                    0.013270891035674892,
                    -1.9286449488073258
                ],
                [
                    0.0,
                    0.0,
