{
    "w": 1920,
    "h": 1080,
    "fl_x": 1094.3539219916383,
    "fl_y": 1092.2039715957483,
    "cx": 960.1278309466122,
    "cy": 537.778420566569,
    "k1": -0.02413585576942258,
    "k2": 0.019202705291940066,
    "p1": -9.584107792384256e-05,
    "p2": -4.139394794293437e-05,
    "camera_model": "OPENCV",
    "frames": [
        {
            "file_path": "images/frame_00146.jpg",
            "transform_matrix": [
                [
                    0.9102690074873272,
                    -0.38042074252283437,
                    -0.16337194577531208,
                    -3.29132691501096
                ],
                [
                    0.07826504342498097,
                    0.5455989394574633,
                    -0.8343838326816845,
                    1.059425232119029
                ],
                [
                    0.40655247752992724,
                    0.7467274308081004,
                    0.5264154510393966,
                    1.3354186913421464
                ],
                [
                    0.0,
                    0.0,
                    0.0,
                    1.0
                ]
            ],
            "colmap_im_id": 146
        },
        {
            "file_path": "images/frame_00145.jpg",
            "transform_matrix": [
                [
                    0.9108457858654927,
                    -0.3859102148537494,
                    -0.14640102609820002,
                    -3.393636619686524
                ],
                [
                    0.09348338761485271,
                    0.5383666793375292,
                    -0.8375095073007427,
                    0.942674337864769
                ],
                [
                    0.40202090817658237,
                    0.7491559414772165,
                    0.5264452153246917,
                    1.2486375905295801
                ],
                [
                    0.0,
                    0.0,
                    0.0,
                    1.0
                ]
            ],
            "colmap_im_id": 145
        },
        {
            "file_path": "images/frame_00144.jpg",
            "transform_matrix": [
                [
                    0.9031501097127397,
                    -0.40755480420749735,
                    -0.13497763108476418,
                    -3.3911412122593347
                ],
                [
                    0.10605354793759912,
                    0.516438602833455,
                    -0.8497316132010603,
                    0.7494628984720486
                ],
                [
                    0.4160198604582642,
                    0.7531203430201693,
                    0.5096442137741474,
                    1.0280105714231058
                ],
                [
                    0.0,
                    0.0,
                    0.0,
                    1.0
                ]
            ],
            "colmap_im_id": 144
        },
        {
            "file_path": "images/frame_00143.jpg",
            "transform_matrix": [
                [
                    0.8832412633405706,
                    -0.45353392733237635,
                    -0.11912954079917963,
                    -3.3966831073275703
                ],
                [
                    0.12130524218865621,
                    0.4663939840969564,
                    -0.8762201149344379,
                    0.3300109193534277
                ],
                [
                    0.4529568510908121,
                    0.7594627234806449,
                    0.4669544546240642,
                    0.6277543818231921
                ],
                [
                    0.0,
                    0.0,
                    0.0,
                    1.0
                ]
            ],
            "colmap_im_id": 143
        },
        {
            "file_path": "images/frame_00142.jpg",
            "transform_matrix": [
                [
                    0.8532846961952303,
                    -0.5117780182960117,
                    -0.09994241956257018,
                    -3.451386629213657
                ],
                [
                    0.13556523798563586,
                    0.40279771316711266,
                    -0.9051939397263121,
                    -0.06841243939238587
                ],
                [
                    0.5035149386948828,
                    0.7588394179642696,
                    0.4130804331540492,
                    0.34699081367809353
                ],
                [
                    0.0,
                    0.0,
                    0.0,
                    1.0
                ]
            ],
            "colmap_im_id": 142
        },
        {
            "file_path": "images/frame_00141.jpg",
            "transform_matrix": [
                [
                    0.812909878165198,
                    -0.5752055681390057,
                    -0.09119256747853023,
                    -3.5033327788438275
                ],
                [
                    0.1317306209602937,
                    0.3341292198334459,
                    -0.9332763299017651,
                    -0.5185911860874872
                ],
                [
                    0.567295842998041,
                    0.7466566940939967,
                    0.34738913005700894,
                    -0.041520222921937446
                ],
                [
                    0.0,
                    0.0,
                    0.0,
                    1.0
                ]
            ],
            "colmap_im_id": 141
        },
        {
            "file_path": "images/frame_00140.jpg",
            "transform_matrix": [
                [
                    0.7805647464927071,
                    -0.6168845265882339,
                    -0.10085711372425063,
                    -3.4892834583361276
                ],
                [
                    0.10343145127993787,
                    0.28659578182302675,
                    -0.952451989723038,
                    -0.9724244184568946
                ],
                [
                    0.6164581181385332,
                    0.7330186482602324,
                    0.28751182564172856,
                    -0.4579490104289037
                ],
                [
                    0.0,
                    0.0,
                    0.0,
                    1.0
                ]
            ],
            "colmap_im_id": 140
        },
        {
            "file_path": "images/frame_00139.jpg",
            "transform_matrix": [
                [
                    0.7481925444732234,
                    -0.6528299564304715,
                    -0.11841015320348307,
                    -3.3448344549946585
                ],
                [
                    0.05616302637828895,
                    0.2401442486534374,
                    -0.9691111671561253,
                    -1.3597403001028783
                ],
                [
                    0.6611003183048058,
                    0.7184314774741324,
                    0.21633904250416766,
                    -0.8891306226569315
                ],
                [
                    0.0,
                    0.0,
                    0.0,
                    1.0
                ]
            ],
            "colmap_im_id": 139
        },
        {
            "file_path": "images/frame_00138.jpg",
            "transform_matrix": [
                [
                    0.7277629053039728,
                    -0.6736307148179831,
                    -0.12877427428385468,
                    -3.1993098411136227
                ],
                [
                    0.01291477044838358,
                    0.2011918452851354,
                    -0.9794667171961626,
                    -1.7025485853871005
                ],
                [
                    0.6857071987136972,
                    0.711156453563191,
                    0.15511974789703228,
                    -1.1032089381034402
                ],
                [
                    0.0,
                    0.0,
                    0.0,
                    1.0
                ]
            ],
            "colmap_im_id": 138
        },
        {
            "file_path": "images/frame_00137.jpg",
            "transform_matrix": [
                [
                    0.7128146319385165,
                    -0.6936210980900182,
                    -0.10385120499423357,
                    -2.8236390284154407
                ],
                [
                    0.012843730738081921,
                    0.16095767776572903,
                    -0.9868777353598527,
                    -1.997693607759168
                ],
                [
                    0.701234867269936,
                    0.7021270527850787,
                    0.12364167045237735,
                    -1.3711129283967596
                ],
                [
                    0.0,
                    0.0,
                    0.0,
                    1.0
                ]
            ],
            "colmap_im_id": 137
        },
        {
            "file_path": "images/frame_00136.jpg",
            "transform_matrix": [
                [
                    0.7088767482070897,
                    -0.7031277693274127,
                    -0.055723386939407336,
                    -2.4232365584082585
                ],
                [
                    0.03654842811157322,
                    0.11551416242562293,
                    -0.9926332105474207,
                    -2.2241842224949595
                ],
                [
                    0.7043848154623404,
                    0.7016180002535303,
                    0.10758351856265493,
                    -1.623166810761531
                ],
                [
                    0.0,
                    0.0,
                    0.0,
                    1.0
                ]
            ],
            "colmap_im_id": 136
        },
        {
            "file_path": "images/frame_00135.jpg",
            "transform_matrix": [
                [
                    0.7076488438545262,
                    -0.7063405299372394,
                    0.017781157423849635,
                    -2.0629977606595724
                ],
                [
                    0.08566506220024245,
                    0.060789367726923116,
                    -0.9944677721724265,
                    -2.5191174385271236
                ],
                [
                    0.701351987884529,
                    0.7052571931851105,
                    0.10352623122223066,
                    -1.8799177976399404
                ],
                [
                    0.0,
                    0.0,
                    0.0,
                    1.0
                ]
            ],
            "colmap_im_id": 135
        },
        {
            "file_path": "images/frame_00134.jpg",
            "transform_matrix": [
                [
                    0.7094343064964208,
                    -0.7004604349475442,
                    0.07783407890531835,
                    -1.6903967276678018
                ],
                [
                    0.14225749056042133,
                    0.0341571719156544,
                    -0.9892401599137471,
                    -2.6274589690063546
                ],
                [
                    0.6902650006666962,
                    0.7128733875519699,
                    0.1238780132823602,
                    -2.031746565982762
                ],
                [
                    0.0,
                    0.0,
                    0.0,
                    1.0
                ]
            ],
            "colmap_im_id": 134
        },
        {
            "file_path": "images/frame_00133.jpg",
            "transform_matrix": [
                [
                    0.6955215615599164,
                    -0.7036712710119587,
                    0.1452463416326549,
                    -1.2440816752948956
                ],
                [
                    0.22449551409272944,
                    0.020797727425565255,
                    -0.9742531594437727,
                    -2.7493416240978843
                ],
                [
                    0.6825331651703791,
                    0.710221230945926,
                    0.17243631159404066,
                    -2.07078100441126
                ],
                [
                    0.0,
                    0.0,
                    0.0,
                    1.0
                ]
            ],
            "colmap_im_id": 133
        },
        {
            "file_path": "images/frame_00132.jpg",
            "transform_matrix": [
                [
                    0.6715667910272899,
                    -0.7150567304110338,
                    0.19414406373409784,
                    -0.8602441620584655
                ],
                [
                    0.29689920432391786,
                    0.019630532361845244,
                    -0.9547070255691087,
                    -2.9531274867579946
                ],
                [
                    0.678858532877898,
                    0.6987907515795209,
                    0.2254829879299002,
                    -1.6910795069394884
                ],
                [
                    0.0,
                    0.0,
                    0.0,
                    1.0
                ]
            ],
            "colmap_im_id": 132
        },
        {
            "file_path": "images/frame_00131.jpg",
            "transform_matrix": [
                [
                    0.6353355884265255,
                    -0.7310478059144192,
                    0.24883286669255425,
                    -0.41958856684359364
                ],
                [
                    0.38595772765852654,
                    0.02150701209032561,
                    -0.9222657322548709,
                    -3.163689864301694
                ],
                [
                    0.6688686885625515,
                    0.6819872094831839,
                    0.29581772016218427,
                    -0.9989384869138405
                ],
                [
                    0.0,
                    0.0,
                    0.0,
                    1.0
                ]
            ],
            "colmap_im_id": 131
        },
        {
            "file_path": "images/frame_00130.jpg",
            "transform_matrix": [
                [
                    0.6024310030923135,
                    -0.7421158495858584,
                    0.29383830980089826,
                    -0.03659643382747435
                ],
                [
                    0.45906954597753,
                    0.021000248174149774,
                    -0.8881520936937596,
                    -3.101358894556774
                ],
                [
                    0.6529410681441115,
                    0.6699425761735731,
                    0.35333398670484945,
                    -0.5452207335901392
                ],
                [
                    0.0,
                    0.0,
                    0.0,
                    1.0
                ]
            ],
            "colmap_im_id": 130
        },
        {
            "file_path": "images/frame_00129.jpg",
            "transform_matrix": [
                [
                    0.5613037445391552,
                    -0.7502651607880534,
                    0.34934266111369583,
                    0.43812322264632547
                ],
                [
                    0.5223594395478945,
                    -0.006241888942911595,
                    -0.8527025593591435,
                    -2.929728569414075
                ],
                [
                    0.6419335808956652,
                    0.661107576215929,
                    0.388404493264905,
                    -0.45869760903309675
                ],
                [
                    0.0,
                    0.0,
                    0.0,
                    1.0
                ]
            ],
            "colmap_im_id": 129
        },
        {
            "file_path": "images/frame_00128.jpg",
            "transform_matrix": [
                [
                    0.5186891506424911,
                    -0.7501492827411467,
                    0.41016779323676134,
                    0.8214514364448368
                ],
                [
                    0.566280573217553,
                    -0.057993721029065096,
                    -0.8221697152763551,
                    -2.7854540311762586
                ],
                [
                    0.6405371787821303,
                    0.6587205643701634,
                    0.3947142519262292,
                    -0.47218310223068866
                ],
                [
                    0.0,
                    0.0,
                    0.0,
                    1.0
                ]
            ],
            "colmap_im_id": 128
        },
        {
            "file_path": "images/frame_00059.jpg",
            "transform_matrix": [
                [
                    0.9918738045296203,
                    -0.06418754579954468,
                    0.10984677897948586,
                    -0.8707591610215928
                ],
                [
                    0.11013862203809836,
                    0.001015367553842247,
                    -0.9939157172337498,
                    -3.2376966184182545
                ],
                [
                    0.06368547576555877,
                    0.9979373367065498,
                    0.00807664432499462,
                    -3.8006591556212688
                ],
                [
                    0.0,
                    0.0,
                    0.0,
                    1.0
                ]
            ],
            "colmap_im_id": 59
        },
        {
            "file_path": "images/frame_00058.jpg",
            "transform_matrix": [
                [
                    0.9977088234072106,
                    -0.005272579099967621,
                    0.06744852559570318,
                    -1.355525518265128
                ],
                [
                    0.06753111989111768,
                    0.017481554341110775,
                    -0.9975640045150338,
                    -3.202930506407499
                ],
                [
                    0.004080630055656888,
                    0.999833283686562,
                    0.017797564184334154,
                    -3.8191998665913274
                ],
                [
                    0.0,
                    0.0,
                    0.0,
                    1.0
                ]
            ],
            "colmap_im_id": 58
        },
        {
            "file_path": "images/frame_00057.jpg",
            "transform_matrix": [
                [
                    0.9978630861665354,
                    0.06390484538485797,
                    0.013617341977593308,
                    -1.8652135077781065
                ],
                [
                    0.012334960555921938,
                    0.02041887310204091,
                    -0.9997154186914028,
                    -3.1472505843232246
                ],
                [
                    -0.0641647100381602,
                    0.9977470823598434,
                    0.019586975982490894,
                    -3.783513734855625
                ],
                [
                    0.0,
                    0.0,
                    0.0,
                    1.0
                ]
            ],
            "colmap_im_id": 57
        },
        {
            "file_path": "images/frame_00056.jpg",
            "transform_matrix": [
                [
                    0.9935721456865274,
                    0.110861617180401,
                    -0.022893080876458395,
                    -2.17538720487357
                ],
                [
                    -0.025779791093913814,
                    0.024675655959387758,
                    -0.9993630543371753,
                    -3.1058009771116746
                ],
                [
                    -0.11022610256660628,
                    0.9935294730601204,
                    0.027375033769035634,
                    -3.6292226556426184
                ],
                [
                    0.0,
                    0.0,
                    0.0,
                    1.0
                ]
            ],
            "colmap_im_id": 56
        },
        {
            "file_path": "images/frame_00055.jpg",
            "transform_matrix": [
                [
                    0.9888931617761084,
                    0.14191988265699418,
                    -0.04414817662232916,
                    -2.4069486840881757
                ],
                [
                    -0.04823313458683187,
                    0.025471873029127734,
                    -0.9985112660417591,
                    -3.072477191161044
                ],
                [
                    -0.14058406495894168,
                    0.9895503678898881,
                    0.032034201856875895,
                    -3.5602283119498823
                ],
                [
                    0.0,
                    0.0,
                    0.0,
                    1.0
                ]
            ],
            "colmap_im_id": 55
        },
        {
            "file_path": "images/frame_00054.jpg",
            "transform_matrix": [
                [
                    0.9871971629208552,
                    0.15229941825334706,
                    -0.047398826153253616,
                    -2.6950298859925113
                ],
                [
                    -0.052389813262342703,
                    0.02892460358418574,
                    -0.998207731273323,
                    -3.084542247702373
                ],
                [
                    -0.15065546451208192,
                    0.9879110559697111,
                    0.03653322467917484,
                    -3.524334357821196
                ],
                [
                    0.0,
                    0.0,
                    0.0,
                    1.0
                ]
            ],
            "colmap_im_id": 54
        },
        {
            "file_path": "images/frame_00053.jpg",
            "transform_matrix": [
                [
                    0.9871089204822616,
                    0.15232521585939285,
                    -0.04912237491951524,
                    -2.8646989543734467
                ],
                [
                    -0.05383097412520323,
                    0.026940646835861906,
                    -0.9981865696215297,
                    -3.0504943666799478
                ],
                [
                    -0.15072559613110095,
                    0.987963172472261,
                    0.034793167568784485,
                    -3.5517009289083155
                ],
                [
                    0.0,
                    0.0,
                    0.0,
                    1.0
                ]
            ],
            "colmap_im_id": 53
        },
        {
            "file_path": "images/frame_00052.jpg",
            "transform_matrix": [
                [
                    0.9881369127296423,
                    0.1460963120036701,
                    -0.04734246846181064,
                    -2.8517903177124504
                ],
                [
                    -0.05194495360649388,
                    0.02784846932130057,
                    -0.9982615812257226,
                    -3.0803600450392215
                ],
                [
                    -0.14452392015147686,
                    0.9888783192968622,
                    0.03510706664850659,
                    -3.453013012528486
                ],
                [
                    0.0,
                    0.0,
                    0.0,
                    1.0
                ]
            ],
            "colmap_im_id": 52
        },
        {
            "file_path": "images/frame_00051.jpg",
            "transform_matrix": [
                [
                    0.991132083809714,
                    0.12738106670995747,
                    -0.03783194796527628,
                    -2.772456273852232
                ],
                [
                    -0.042178010838832936,
                    0.031594980310555236,
                    -0.9986104208453138,
                    -3.1306258932330295
                ],
                [
                    -0.1260087609838828,
                    0.991350503637845,
                    0.03668747868548219,
                    -3.322543671884689
                ],
                [
                    0.0,
                    0.0,
                    0.0,
                    1.0
                ]
            ],
            "colmap_im_id": 51
        },
        {
            "file_path": "images/frame_00050.jpg",
            "transform_matrix": [
                [
                    0.9939136414999825,
                    0.10778984407404671,
                    -0.022738134372391125,
                    -2.5484658662023327
                ],
                [
                    -0.026672870712658982,
                    0.03520354393111537,
                    -0.9990241580976087,
                    -3.1706316939605372
                ],
                [
                    -0.10688419531525693,
                    0.9935502302396103,
                    0.0378643471174042,
                    -3.3697792945937617
                ],
                [
                    0.0,
                    0.0,
                    0.0,
                    1.0
                ]
            ],
            "colmap_im_id": 50
        },
        {
            "file_path": "images/frame_00049.jpg",
            "transform_matrix": [
                [
                    0.9965964345835541,
                    0.08237552161408242,
                    -0.0031336901818241167,
                    -2.4395171669434985
                ],
                [
                    -0.006848144570582509,
                    0.04484794518204493,
                    -0.998970352277228,
                    -3.174131392065324
                ],
                [
                    -0.08215016428034838,
                    0.9955917512975667,
                    0.045259421747915037,
                    -3.249388489423488
                ],
                [
                    0.0,
                    0.0,
                    0.0,
                    1.0
                ]
            ],
            "colmap_im_id": 49
        },
        {
            "file_path": "images/frame_00048.jpg",
            "transform_matrix": [
                [
                    0.9979092879229032,
                    0.06368864144554992,
                    0.010991361518234072,
                    -2.2612879941531383
                ],
                [
                    0.007216127880433493,
                    0.05920604505687381,
                    -0.9982197011315379,
                    -3.0879538296174003
                ],
                [
                    -0.06422601167453544,
                    0.9962120262170818,
                    0.05862267688223409,
                    -3.215644401758437
                ],
                [
                    0.0,
                    0.0,
                    0.0,
                    1.0
                ]
            ],
            "colmap_im_id": 48
        },
        {
            "file_path": "images/frame_00047.jpg",
            "transform_matrix": [
                [
                    0.9985571432452021,
                    0.04962891440033104,
                    0.02050859647624795,
                    -1.9760816299769302
                ],
                [
                    0.01659614963657984,
                    0.07800042668773732,
                    -0.9968151790847546,
                    -3.152706297618913
                ],
                [
                    -0.05107053447166191,
                    0.995717281306283,
                    0.0770642343555249,
                    -3.3834879137265923
                ],
                [
                    0.0,
                    0.0,
                    0.0,
                    1.0
                ]
            ],
            "colmap_im_id": 47
        },
        {
            "file_path": "images/frame_00046.jpg",
            "transform_matrix": [
                [
                    0.9992511765628098,
                    0.02813592189501209,
                    0.026560422379141545,
                    -1.7718154127917665
                ],
                [
                    0.023545935243883407,
                    0.1025288444934511,
                    -0.994451318557288,
                    -3.014388611351139
                ],
                [
                    -0.030703014043111022,
                    0.9943320400881969,
                    0.10178958189673944,
                    -3.329397644814202
                ],
                [
                    0.0,
                    0.0,
                    0.0,
                    1.0
                ]
            ],
            "colmap_im_id": 46
        },
        {
            "file_path": "images/frame_00045.jpg",
            "transform_matrix": [
                [
                    0.9993489135417628,
                    0.013720611429703848,
                    0.033369054899606364,
                    -1.5723160410543866
                ],
                [
                    0.031427958935098164,
                    0.1232200737700177,
                    -0.9918815941518851,
                    -3.026549628641044
                ],
                [
                    -0.0177209593439985,
                    0.9922845147648464,
                    0.12270863603602591,
                    -3.3287685891065886
                ],
                [
                    0.0,
                    0.0,
                    0.0,
                    1.0
                ]
            ],
            "colmap_im_id": 45
        },
        {
            "file_path": "images/frame_00044.jpg",
            "transform_matrix": [
                [
                    0.9980018176408882,
                    -0.01829398817465193,
                    0.060478938335164927,
                    -1.4293408767264688
                ],
                [
                    0.06260147046682871,
                    0.1564728280790508,
                    -0.9856963578954396,
                    -2.958722828847874
                ],
                [
                    0.008569006994614867,
                    0.9875128272937065,
                    0.1573053973947389,
                    -3.3986010728283325
                ],
                [
                    0.0,
                    0.0,
                    0.0,
                    1.0
                ]
            ],
            "colmap_im_id": 44
        },
        {
            "file_path": "images/frame_00043.jpg",
            "transform_matrix": [
                [
                    0.9928747260048366,
                    -0.06395603170148376,
                    0.10054553431067693,
                    -1.3484862895882428
                ],
                [
                    0.10945842765687605,
                    0.15596830448158916,
                    -0.9816785322151151,
                    -2.8304981298980714
                ],
                [
                    0.04710234681738421,
                    0.9856893597914799,
                    0.16185751424681447,
                    -3.474827766063063
                ],
                [
                    0.0,
                    0.0,
                    0.0,
                    1.0
                ]
            ],
            "colmap_im_id": 43
        },
        {
            "file_path": "images/frame_00042.jpg",
            "transform_matrix": [
                [
                    0.9772680610143943,
                    -0.13195265358681332,
                    0.16593864568738864,
                    -1.1320769269585738
                ],
                [
                    0.18630477186812802,
                    0.16095978657075927,
                    -0.9692174570684644,
                    -2.762298162499856
                ],
                [
                    0.10118136636916428,
                    0.978100426499495,
                    0.18188426754718204,
                    -3.370034576890407
                ],
                [
                    0.0,
                    0.0,
                    0.0,
                    1.0
                ]
            ],
            "colmap_im_id": 42
        },
        {
            "file_path": "images/frame_00041.jpg",
            "transform_matrix": [
                [
                    0.9573551326293479,
                    -0.19877970461442016,
                    0.2096611052666842,
                    -0.7200285026791583
                ],
                [
                    0.2422284321467738,
                    0.1567198171546942,
                    -0.9574780862091389,
                    -2.767548881508009
                ],
                [
                    0.1574691610695871,
                    0.9674324410233528,
                    0.1981866175291292,
                    -3.078271674418168
                ],
                [
                    0.0,
                    0.0,
                    0.0,
                    1.0
                ]
            ],
            "colmap_im_id": 41
        },
        {
            "file_path": "images/frame_00040.jpg",
            "transform_matrix": [
                [
                    0.9151139109750235,
                    -0.2909628825429006,
                    0.2791184890370454,
                    -0.3562669384253673
                ],
                [
                    0.3304991337629219,
                    0.1447918015796909,
                    -0.9326337205877053,
                    -2.717237875359152
                ],
                [
                    0.23094772681703385,
                    0.9457145103981613,
                    0.2286639724583019,
                    -2.6808162212313307
                ],
                [
                    0.0,
                    0.0,
                    0.0,
                    1.0
                ]
            ],
            "colmap_im_id": 40
        },
        {
            "file_path": "images/frame_00039.jpg",
            "transform_matrix": [
                [
                    0.8731259329314321,
                    -0.3594402493484736,
                    0.32932326427223957,
                    -0.06828515559281317
                ],
                [
                    0.3932270241140878,
                    0.12000123591542794,
                    -0.9115767717999118,
                    -2.4427222598312346
                ],
                [
                    0.2881381834276651,
                    0.9254201264977312,
                    0.2461178106597088,
                    -2.3715630093240834
                ],
                [
                    0.0,
                    0.0,
                    0.0,
                    1.0
                ]
            ],
            "colmap_im_id": 39
        },
        {
            "file_path": "images/frame_00038.jpg",
            "transform_matrix": [
                [
                    0.8129883914385714,
                    -0.4326211252395316,
                    0.3897291846687974,
                    0.2693651285690555
                ],
                [
                    0.46915411875201557,
                    0.09024635340263458,
                    -0.8784930327302238,
                    -2.0417287803249975
                ],
                [
                    0.34488300660389726,
                    0.8970476897545683,
                    0.2763352204512627,
                    -2.03820548972812
                ],
                [
                    0.0,
                    0.0,
                    0.0,
                    1.0
                ]
            ],
            "colmap_im_id": 38
        },
        {
            "file_path": "images/frame_00037.jpg",
            "transform_matrix": [
                [
                    0.7654662233771968,
                    -0.4758927201955007,
                    0.43311381845142966,
                    0.5801504112942338
                ],
                [
                    0.5243567042727411,
                    0.07117604917299113,
                    -0.848518719126663,
                    -1.7389592037055315
                ],
                [
                    0.37297655094238863,
                    0.8766185538129172,
                    0.30402039990446195,
                    -1.7213355618954498
                ],
                [
                    0.0,
                    0.0,
                    0.0,
                    1.0
                ]
            ],
            "colmap_im_id": 37
        },
        {
            "file_path": "images/frame_00036.jpg",
            "transform_matrix": [
                [
                    0.7357897296268591,
                    -0.4899381092020663,
                    0.4675191150393081,
                    0.9175497517605715
                ],
                [
                    0.5538864253767298,
                    0.038168913564008124,
                    -0.8317168759985164,
                    -1.5326697776348972
                ],
                [
                    0.3896450969267056,
                    0.8709212267414591,
                    0.29945436255317875,
                    -1.745637704431867
                ],
                [
                    0.0,
                    0.0,
                    0.0,
                    1.0
                ]
            ],
            "colmap_im_id": 36
        },
        {
            "file_path": "images/frame_00035.jpg",
            "transform_matrix": [
                [
                    0.7237444686209215,
                    -0.48853736392142205,
                    0.48736555909638113,
                    1.214746204125322
                ],
                [
                    0.5601264627659364,
                    0.003387064945913469,
                    -0.8284001892203868,
                    -1.5813738608954622
                ],
                [
                    0.40305370591267403,
                    0.8725364014433782,
                    0.27609407510176576,
                    -1.9063598276657288
                ],
                [
                    0.0,
                    0.0,
                    0.0,
                    1.0
                ]
            ],
            "colmap_im_id": 35
        },
        {
            "file_path": "images/frame_00034.jpg",
            "transform_matrix": [
                [
                    0.703717849166431,
                    -0.4887837215350771,
                    0.5156274452808852,
                    1.5661760914090825
                ],
                [
                    0.5650470390955857,
                    -0.05492318772141621,
                    -0.8232285752206548,
                    -1.7881752967104945
                ],
                [
                    0.4307006296418471,
                    0.8706744035590103,
                    0.2375353670788376,
                    -2.1006903175050047
                ],
                [
                    0.0,
