{
    "camera_model": "OPENCV",
    "frames": [
        {
            "file_path": "images/frame_00146.jpg",
            "pose_matrix_c2w": [
                [
                    0.9032287001609802,
                    -0.38197019696235657,
                    -0.19564437866210938,
                    -3.2879886627197266
                ],
                [
                    0.06768995523452759,
                    0.5769700407981873,
                    -0.813955545425415,
                    1.1829924583435059
                ],
                [
                    0.4237877130508423,
                    0.7219448685646057,
                    0.5469914078712463,
                    1.2332149744033813
                ],
                [
                    0.0,
                    0.0,
                    0.0,
                    1.0
                ]
            ]
        },
        {
            "file_path": "images/frame_00145.jpg",
            "pose_matrix_c2w": [
                [
                    0.9042990207672119,
                    -0.38765519857406616,
                    -0.17879241704940796,
                    -3.3914222717285156
                ],
                [
                    0.0826738253235817,
                    0.5699154138565063,
                    -0.8175337314605713,
                    1.0666296482086182
                ],
                [
                    0.41881775856018066,
                    0.7245135307312012,
                    0.5474228858947754,
                    1.1472527980804443
                ],
                [
                    0.0,
                    0.0,
                    0.0,
                    1.0
                ]
            ]
        },
        {
            "file_path": "images/frame_00144.jpg",
            "pose_matrix_c2w": [
                [
                    0.896675169467926,
                    -0.4098711311817169,
                    -0.16727028787136078,
                    -3.389084815979004
                ],
                [
                    0.09582992643117905,
                    0.5486067533493042,
                    -0.8305704593658447,
                    0.8673715591430664
                ],
                [
                    0.43219244480133057,
                    0.7287223935127258,
                    0.5311999917030334,
                    0.9327099919319153
                ],
                [
                    0.0,
                    0.0,
                    0.0,
                    1.0
                ]
            ]
        },
        {
            "file_path": "images/frame_00143.jpg",
            "pose_matrix_c2w": [
                [
                    0.8763824701309204,
                    -0.4572560489177704,
                    -0.15123043954372406,
                    -3.3969879150390625
                ],
                [
                    0.11268580704927444,
                    0.49997031688690186,
                    -0.8586801290512085,
                    0.43735986948013306
                ],
                [
                    0.4682474136352539,
                    0.7354907393455505,
                    0.48969149589538574,
                    0.5459762215614319
                ],
                [
                    0.0,
                    0.0,
                    0.0,
                    1.0
                ]
            ]
        },
        {
            "file_path": "images/frame_00142.jpg",
            "pose_matrix_c2w": [
                [
                    0.8457998633384705,
                    -0.5170062184333801,
                    -0.13163252174854279,
                    -3.4555883407592773
                ],
                [
                    0.12917782366275787,
                    0.43785586953163147,
                    -0.8897164463996887,
                    0.03288862109184265
                ],
                [
                    0.5176249742507935,
                    0.7355180382728577,
                    0.4371241629123688,
                    0.27661147713661194
                ],
                [
                    0.0,
                    0.0,
                    0.0,
                    1.0
                ]
            ]
        },
        {
            "file_path": "images/frame_00141.jpg",
            "pose_matrix_c2w": [
                [
                    0.8040558695793152,
                    -0.5818741321563721,
                    -0.12213397771120071,
                    -3.5104000568389893
                ],
                [
                    0.1283029168844223,
                    0.3703935742378235,
                    -0.9199711680412292,
                    -0.4263555109500885
                ],
                [
                    0.5805450677871704,
                    0.7240380644798279,
                    0.37247326970100403,
                    -0.09879091382026672
                ],
                [
                    0.0,
                    0.0,
                    0.0,
                    1.0
                ]
            ]
        },
        {
            "file_path": "images/frame_00140.jpg",
            "pose_matrix_c2w": [
                [
                    0.7699925899505615,
                    -0.6244396567344666,
                    -0.1310972422361374,
                    -3.499537229537964
                ],
                [
                    0.10226669907569885,
                    0.3235890865325928,
                    -0.9406548738479614,
                    -0.891898512840271
                ],
                [
                    0.6298038959503174,
                    0.7108904123306274,
                    0.31302058696746826,
                    -0.5003299117088318
                ],
                [
                    0.0,
                    0.0,
                    0.0,
                    1.0
                ]
            ]
        },
        {
            "file_path": "images/frame_00139.jpg",
            "pose_matrix_c2w": [
                [
                    0.7355280518531799,
                    -0.661224365234375,
                    -0.1475832611322403,
                    -3.356342315673828
                ],
                [
                    0.05711967125535011,
                    0.27758458256721497,
                    -0.9590016603469849,
                    -1.294134497642517
                ],
                [
                    0.6750820875167847,
                    0.6969426870346069,
                    0.24194017052650452,
                    -0.9165080785751343
                ],
                [
                    0.0,
                    0.0,
                    0.0,
                    1.0
                ]
            ]
        },
        {
            "file_path": "images/frame_00138.jpg",
            "pose_matrix_c2w": [
                [
                    0.7135217189788818,
                    -0.6828432083129883,
                    -0.1568818837404251,
                    -3.2150983810424805
                ],
                [
                    0.01519356295466423,
                    0.2389419823884964,
                    -0.9709149599075317,
                    -1.645990252494812
                ],
                [
                    0.7004683613777161,
                    0.6903853416442871,
                    0.1808651089668274,
                    -1.1169004440307617
                ],
                [
                    0.0,
                    0.0,
                    0.0,
                    1.0
                ]
            ]
        },
        {
            "file_path": "images/frame_00137.jpg",
            "pose_matrix_c2w": [
                [
                    0.698295533657074,
                    -0.7036222815513611,
                    -0.131525918841362,
                    -2.842843532562256
                ],
                [
                    0.015863709151744843,
                    0.19891121983528137,
                    -0.9798890948295593,
                    -1.956863522529602
                ],
                [
                    0.7156338095664978,
                    0.6821656823158264,
                    0.15006087720394135,
                    -1.368009090423584
                ],
                [
                    0.0,
                    0.0,
                    0.0,
                    1.0
                ]
            ]
        },
        {
            "file_path": "images/frame_00136.jpg",
            "pose_matrix_c2w": [
                [
                    0.6950336694717407,
                    -0.7141695022583008,
                    -0.08300630003213882,
                    -2.4430325031280518
                ],
                [
                    0.039835844188928604,
                    0.15352490544319153,
                    -0.9873414635658264,
                    -2.200605869293213
                ],
                [
                    0.7178727388381958,
                    0.6829289793968201,
                    0.13515453040599823,
                    -1.6047059297561646
                ],
                [
                    0.0,
                    0.0,
                    0.0,
                    1.0
                ]
            ]
        },
        {
            "file_path": "images/frame_00135.jpg",
            "pose_matrix_c2w": [
                [
                    0.6949580311775208,
                    -0.7189847826957703,
                    -0.009704291820526123,
                    -2.086670160293579
                ],
                [
                    0.08881863951683044,
                    0.09922752529382706,
                    -0.9910929203033447,
                    -2.511223316192627
                ],
                [
                    0.7135436534881592,
                    0.6879060864448547,
                    0.13281822204589844,
                    -1.8440160751342773
                ],
                [
                    0.0,
                    0.0,
                    0.0,
                    1.0
                ]
            ]
        },
        {
            "file_path": "images/frame_00134.jpg",
            "pose_matrix_c2w": [
                [
                    0.6984142065048218,
                    -0.7139434814453125,
                    0.05002336576581001,
                    -1.7147119045257568
                ],
                [
                    0.14497384428977966,
                    0.07268168777227402,
                    -0.9867623448371887,
                    -2.6329519748687744
                ],
                [
                    0.7008567452430725,
                    0.6964209079742432,
                    0.15426504611968994,
                    -1.9844387769699097
                ],
                [
                    0.0,
                    0.0,
                    0.0,
                    1.0
                ]
            ]
        },
        {
            "file_path": "images/frame_00133.jpg",
            "pose_matrix_c2w": [
                [
                    0.6867538690567017,
                    -0.7174546718597412,
                    0.11673878878355026,
                    -1.2720119953155518
                ],
                [
                    0.22727042436599731,
                    0.05938562750816345,
                    -0.9720193147659302,
                    -2.766737222671509
                ],
                [
                    0.6904471516609192,
                    0.6940692663192749,
                    0.20383954048156738,
                    -2.0099599361419678
                ],
                [
                    0.0,
                    0.0,
                    0.0,
                    1.0
                ]
            ]
        },
        {
            "file_path": "images/frame_00132.jpg",
            "pose_matrix_c2w": [
                [
                    0.664754331111908,
                    -0.7286067008972168,
                    0.16502691805362701,
                    -0.9021361470222473
                ],
                [
                    0.3000803589820862,
                    0.05812569335103035,
                    -0.9521413445472717,
                    -2.9683563709259033
                ],
                [
                    0.6841443181037903,
                    0.6824614405632019,
                    0.2572798728942871,
                    -1.6175012588500977
                ],
                [
                    0.0,
                    0.0,
                    0.0,
                    1.0
                ]
            ]
        },
        {
            "file_path": "images/frame_00131.jpg",
            "pose_matrix_c2w": [
                [
                    0.6309627294540405,
                    -0.7442706227302551,
                    0.21896876394748688,
                    -0.4826360046863556
                ],
                [
                    0.3896732032299042,
                    0.05997460335493088,
                    -0.9189983010292053,
                    -3.169032096862793
                ],
                [
                    0.6708508729934692,
                    0.6651799082756042,
                    0.32786405086517334,
                    -0.9112767577171326
                ],
                [
                    0.0,
                    0.0,
                    0.0,
                    1.0
                ]
            ]
        },
        {
            "file_path": "images/frame_00130.jpg",
            "pose_matrix_c2w": [
                [
                    0.6002915501594543,
                    -0.7550681233406067,
                    0.26367050409317017,
                    -0.10829257220029831
                ],
                [
                    0.4630779027938843,
                    0.05934618413448334,
                    -0.8843284845352173,
                    -3.1029205322265625
                ],
                [
                    0.6520804166793823,
                    0.6529549360275269,
                    0.3852803707122803,
                    -0.452696830034256
                ],
                [
                    0.0,
                    0.0,
                    0.0,
                    1.0
                ]
            ]
        },
        {
            "file_path": "images/frame_00129.jpg",
            "pose_matrix_c2w": [
                [
                    0.5610285401344299,
                    -0.7638023495674133,
                    0.31914404034614563,
                    0.3668956458568573
                ],
                [
                    0.5269395112991333,
                    0.032182738184928894,
                    -0.8492932319641113,
                    -2.941433906555176
                ],
                [
                    0.6384212374687195,
                    0.6446473598480225,
                    0.42053309082984924,
                    -0.36090219020843506
                ],
                [
                    0.0,
                    0.0,
                    0.0,
                    1.0
                ]
            ]
        },
        {
            "file_path": "images/frame_00128.jpg",
            "pose_matrix_c2w": [
                [
                    0.5195321440696716,
                    -0.7650421857833862,
                    0.3805217742919922,
                    0.7526739239692688
                ],
                [
                    0.5718281865119934,
                    -0.019603705033659935,
                    -0.8201391696929932,
                    -2.80769419670105
                ],
                [
                    0.634900689125061,
                    0.6436817646026611,
                    0.42728790640830994,
                    -0.36991748213768005
                ],
                [
                    0.0,
                    0.0,
                    0.0,
                    1.0
                ]
            ]
        },
        {
            "file_path": "images/frame_00059.jpg",
            "pose_matrix_c2w": [
                [
                    0.9928230047225952,
                    -0.08478257060050964,
                    0.08434658497571945,
                    -0.8759597539901733
                ],
                [
                    0.08736275881528854,
                    0.03251178190112114,
                    -0.9956458806991577,
                    -3.314962863922119
                ],
                [
                    0.08167115598917007,
                    0.9958689212799072,
                    0.039685286581516266,
                    -3.7117745876312256
                ],
                [
                    0.0,
                    0.0,
                    0.0,
                    1.0
                ]
            ]
        },
        {
            "file_path": "images/frame_00058.jpg",
            "pose_matrix_c2w": [
                [
                    0.9988070130348206,
                    -0.02547433041036129,
                    0.0416603609919548,
                    -1.358700156211853
                ],
                [
                    0.04283098131418228,
                    0.04727834835648537,
                    -0.9979630708694458,
                    -3.268136739730835
                ],
                [
                    0.02345280721783638,
                    0.9985568523406982,
                    0.04831303656101227,
                    -3.7428133487701416
                ],
                [
                    0.0,
                    0.0,
                    0.0,
                    1.0
                ]
            ]
        },
        {
            "file_path": "images/frame_00057.jpg",
            "pose_matrix_c2w": [
                [
                    0.998964786529541,
                    0.04383943974971771,
                    -0.012141839601099491,
                    -1.866146206855774
                ],
                [
                    -0.014269589446485043,
                    0.0485529862344265,
                    -0.9987186789512634,
                    -3.1988232135772705
                ],
                [
                    -0.043193746358156204,
                    0.9978580474853516,
                    0.049128297716379166,
                    -3.7193846702575684
                ],
                [
                    0.0,
                    0.0,
                    0.0,
                    1.0
                ]
            ]
        },
        {
            "file_path": "images/frame_00056.jpg",
            "pose_matrix_c2w": [
                [
                    0.994655966758728,
                    0.0909450501203537,
                    -0.04887260124087334,
                    -2.1780216693878174
                ],
                [
                    -0.053701646625995636,
                    0.051430605351924896,
                    -0.997231662273407,
                    -3.145054340362549
                ],
                [
                    -0.08817973732948303,
                    0.9945269823074341,
                    0.05603965371847153,
                    -3.573590040206909
                ],
                [
                    0.0,
                    0.0,
                    0.0,
                    1.0
                ]
            ]
        },
        {
            "file_path": "images/frame_00055.jpg",
            "pose_matrix_c2w": [
                [
                    0.990032970905304,
                    0.12205786257982254,
                    -0.07026126980781555,
                    -2.4098172187805176
                ],
                [
                    -0.07698950916528702,
                    0.051305439323186874,
                    -0.9957109689712524,
                    -3.1039814949035645
                ],
                [
                    -0.11792957037687302,
                    0.9911960363388062,
                    0.06019125133752823,
                    -3.510751962661743
                ],
                [
                    0.0,
                    0.0,
                    0.0,
                    1.0
                ]
            ]
        },
        {
            "file_path": "images/frame_00054.jpg",
            "pose_matrix_c2w": [
                [
                    0.9884415864944458,
                    0.13248898088932037,
                    -0.07368823885917664,
                    -2.6985630989074707
                ],
                [
                    -0.08148490637540817,
                    0.05441521853208542,
                    -0.9951879978179932,
                    -3.1079423427581787
                ],
                [
                    -0.12784169614315033,
                    0.9896896481513977,
                    0.06458211690187454,
                    -3.4807488918304443
                ],
                [
                    0.0,
                    0.0,
                    0.0,
                    1.0
                ]
            ]
        },
        {
            "file_path": "images/frame_00053.jpg",
            "pose_matrix_c2w": [
                [
                    0.9883167147636414,
                    0.13250678777694702,
                    -0.07531313598155975,
                    -2.8661351203918457
                ],
                [
                    -0.08287343382835388,
                    0.0524902418255806,
                    -0.9951767325401306,
                    -3.070664167404175
                ],
                [
                    -0.12791447341442108,
                    0.9897912740707397,
                    0.06285827606916428,
                    -3.512481451034546
                ],
                [
                    0.0,
                    0.0,
                    0.0,
                    1.0
                ]
            ]
        },
        {
            "file_path": "images/frame_00052.jpg",
            "pose_matrix_c2w": [
                [
                    0.9892628192901611,
                    0.12624014914035797,
                    -0.07363760471343994,
                    -2.8564231395721436
                ],
                [
                    -0.08091820031404495,
                    0.05354251340031624,
                    -0.9952815771102905,
                    -3.097975492477417
                ],
                [
                    -0.12170175462961197,
                    0.9905536770820618,
                    0.06318274140357971,
                    -3.412961006164551
                ],
                [
                    0.0,
                    0.0,
                    0.0,
                    1.0
                ]
            ]
        },
        {
            "file_path": "images/frame_00051.jpg",
            "pose_matrix_c2w": [
                [
                    0.9921285510063171,
                    0.1076333299279213,
                    -0.06399963796138763,
                    -2.7806005477905273
                ],
                [
                    -0.07051251828670502,
                    0.0578308142721653,
                    -0.9958330988883972,
                    -3.1459763050079346
                ],
                [
                    -0.10348368436098099,
                    0.99250727891922,
                    0.06496509909629822,
                    -3.279841184616089
                ],
                [
                    0.0,
                    0.0,
                    0.0,
                    1.0
                ]
            ]
        },
        {
            "file_path": "images/frame_00050.jpg",
            "pose_matrix_c2w": [
                [
                    0.9949029684066772,
                    0.0880943313241005,
                    -0.04906541481614113,
                    -2.557624101638794
                ],
                [
                    -0.0546412467956543,
                    0.06203895062208176,
                    -0.9965769052505493,
                    -3.193052291870117
                ],
                [
                    -0.08474881201982498,
                    0.9941783547401428,
                    0.0665363222360611,
                    -3.320758819580078
                ],
                [
                    0.0,
                    0.0,
                    0.0,
                    1.0
                ]
            ]
        },
        {
            "file_path": "images/frame_00049.jpg",
            "pose_matrix_c2w": [
                [
                    0.9975810647010803,
                    0.06290214508771896,
                    -0.0295852180570364,
                    -2.451310157775879
                ],
                [
                    -0.034130990505218506,
                    0.07246618717908859,
                    -0.9967867136001587,
                    -3.1958179473876953
                ],
                [
                    -0.060556091368198395,
                    0.9953853487968445,
                    0.07443781197071075,
                    -3.197925090789795
                ],
                [
                    0.0,
                    0.0,
                    0.0,
                    1.0
                ]
            ]
        },
        {
            "file_path": "images/frame_00048.jpg",
            "pose_matrix_c2w": [
                [
                    0.998880922794342,
                    0.04462876170873642,
                    -0.015659336000680923,
                    -2.2718234062194824
                ],
                [
                    -0.019508354365825653,
                    0.08715835213661194,
                    -0.9960034489631653,
                    -3.1130475997924805
                ],
                [
                    -0.04308555647730827,
                    0.9951943159103394,
                    0.08793144673109055,
                    -3.16359281539917
                ],
                [
                    0.0,
                    0.0,
                    0.0,
                    1.0
                ]
            ]
        },
        {
            "file_path": "images/frame_00047.jpg",
            "pose_matrix_c2w": [
                [
                    0.9994977712631226,
                    0.030972186475992203,
                    -0.006699158810079098,
                    -1.9863135814666748
                ],
                [
                    -0.00995513703674078,
                    0.10619838535785675,
                    -0.9942951202392578,
                    -3.189775228500366
                ],
                [
                    -0.030084053054451942,
                    0.9938624501228333,
                    0.10645338147878647,
                    -3.3231678009033203
                ],
                [
                    0.0,
                    0.0,
                    0.0,
                    1.0
                ]
            ]
        },
        {
            "file_path": "images/frame_00046.jpg",
            "pose_matrix_c2w": [
                [
                    0.9999479651451111,
                    0.01015919167548418,
                    -0.0009303609258495271,
                    -1.779512643814087
                ],
                [
                    -0.00225664465688169,
                    0.13133201003074646,
                    -0.9913358688354492,
                    -3.0553574562072754
                ],
                [
                    -0.009948985651135445,
                    0.9912863969802856,
                    0.13134810328483582,
                    -3.2683987617492676
                ],
                [
                    0.0,
                    0.0,
                    0.0,
                    1.0
                ]
            ]
        },
        {
            "file_path": "images/frame_00045.jpg",
            "pose_matrix_c2w": [
                [
                    0.9999780654907227,
                    -0.003686469979584217,
                    0.00549732893705368,
                    -1.5809566974639893
                ],
                [
                    0.005994502454996109,
                    0.15223753452301025,
                    -0.9883257746696472,
                    -3.072277069091797
                ],
                [
                    0.0028065333608537912,
                    0.9883370399475098,
                    0.1522562950849533,
                    -3.263429880142212
                ],
                [
                    0.0,
                    0.0,
                    0.0,
                    1.0
                ]
            ]
        },
        {
            "file_path": "images/frame_00044.jpg",
            "pose_matrix_c2w": [
                [
                    0.9988887906074524,
                    -0.03457596153020859,
                    0.03202546760439873,
                    -1.4350122213363647
                ],
                [
                    0.03791593015193939,
                    0.1859821081161499,
                    -0.9818212985992432,
                    -3.0110538005828857
                ],
                [
                    0.02799125202000141,
                    0.9819445610046387,
                    0.18708641827106476,
                    -3.3321940898895264
                ],
                [
                    0.0,
                    0.0,
                    0.0,
                    1.0
                ]
            ]
        },
        {
            "file_path": "images/frame_00043.jpg",
            "pose_matrix_c2w": [
                [
                    0.9941649436950684,
                    -0.08034341782331467,
                    0.07197926938533783,
                    -1.3498709201812744
                ],
                [
                    0.08593917638063431,
                    0.18662528693675995,
                    -0.9786651134490967,
                    -2.887319564819336
                ],
                [
                    0.06519614905118942,
                    0.9791404008865356,
                    0.1924409717321396,
                    -3.4099743366241455
                ],
                [
                    0.0,
                    0.0,
                    0.0,
                    1.0
                ]
            ]
        },
        {
            "file_path": "images/frame_00042.jpg",
            "pose_matrix_c2w": [
                [
                    0.9794541001319885,
                    -0.1480230987071991,
                    0.1369628757238388,
                    -1.1349000930786133
                ],
                [
                    0.1644890159368515,
                    0.1934560239315033,
                    -0.9672218561172485,
                    -2.821943521499634
                ],
                [
                    0.11667487770318985,
                    0.9698783159255981,
                    0.21382947266101837,
                    -3.3017501831054688
                ],
                [
                    0.0,
                    0.0,
                    0.0,
                    1.0
                ]
            ]
        },
        {
            "file_path": "images/frame_00041.jpg",
            "pose_matrix_c2w": [
                [
                    0.9598062634468079,
                    -0.21471484005451202,
                    0.18074709177017212,
                    -0.7299795150756836
                ],
                [
                    0.22265216708183289,
                    0.1904253512620926,
                    -0.9561193585395813,
                    -2.8283941745758057
                ],
                [
                    0.17087417840957642,
                    0.9579330682754517,
                    0.23057816922664642,
                    -3.0024173259735107
                ],
                [
                    0.0,
                    0.0,
                    0.0,
                    1.0
                ]
            ]
        },
        {
            "file_path": "images/frame_00040.jpg",
            "pose_matrix_c2w": [
                [
                    0.9182998538017273,
                    -0.30638858675956726,
                    0.2507018446922302,
                    -0.372830331325531
                ],
                [
                    0.3144474923610687,
                    0.1797664910554886,
                    -0.9320980310440063,
                    -2.774254560470581
                ],
                [
                    0.24051642417907715,
                    0.934778094291687,
                    0.26142266392707825,
                    -2.601930618286133
                ],
                [
                    0.0,
                    0.0,
                    0.0,
                    1.0
                ]
            ]
        },
        {
            "file_path": "images/frame_00039.jpg",
            "pose_matrix_c2w": [
                [
                    0.8768013119697571,
                    -0.3755285143852234,
                    0.3003295361995697,
                    -0.0869484469294548
                ],
                [
                    0.37937861680984497,
                    0.15648767352104187,
                    -0.9119119644165039,
                    -2.5004723072052
                ],
                [
                    0.2954510748386383,
                    0.9135042428970337,
                    0.27967607975006104,
                    -2.292815685272217
                ],
                [
                    0.0,
                    0.0,
                    0.0,
                    1.0
                ]
            ]
        },
        {
            "file_path": "images/frame_00038.jpg",
            "pose_matrix_c2w": [
                [
                    0.8174006342887878,
                    -0.4490092992782593,
                    0.3608972728252411,
                    0.25297850370407104
                ],
                [
                    0.4584915339946747,
                    0.12778136134147644,
                    -0.8794642686843872,
                    -2.0991923809051514
                ],
                [
                    0.34877172112464905,
                    0.8843430280685425,
                    0.3103155195713043,
                    -1.9640588760375977
                ],
                [
                    0.0,
                    0.0,
                    0.0,
                    1.0
                ]
            ]
        },
        {
            "file_path": "images/frame_00037.jpg",
            "pose_matrix_c2w": [
                [
                    0.770680844783783,
                    -0.4920845031738281,
                    0.40485048294067383,
                    0.565750777721405
                ],
                [
                    0.5159746408462524,
                    0.10908443480730057,
                    -0.8496297597885132,
                    -1.7943756580352783
                ],
                [
                    0.3739267587661743,
                    0.8636859655380249,
                    0.33797240257263184,
                    -1.651052713394165
                ],
                [
                    0.0,
                    0.0,
                    0.0,
                    1.0
                ]
            ]
        },
        {
            "file_path": "images/frame_00036.jpg",
            "pose_matrix_c2w": [
                [
                    0.7415124177932739,
                    -0.5068591237068176,
                    0.4396056830883026,
                    0.9071205258369446
                ],
                [
                    0.5464999675750732,
                    0.07617679983377457,
                    -0.8339873552322388,
                    -1.5986008644104004
                ],
                [
                    0.38922634720802307,
                    0.8586564660072327,
                    0.3334845304489136,
                    -1.6747994422912598
                ],
                [
                    0.0,
                    0.0,
                    0.0,
                    1.0
                ]
            ]
        },
        {
            "file_path": "images/frame_00035.jpg",
            "pose_matrix_c2w": [
                [
                    0.729450523853302,
                    -0.5063073039054871,
                    0.45995086431503296,
                    1.2055631875991821
                ],
                [
                    0.5533263683319092,
                    0.04142859950661659,
                    -0.8319336771965027,
                    -1.6597466468811035
                ],
                [
                    0.4021589756011963,
                    0.8613573908805847,
                    0.31037330627441406,
                    -1.8278710842132568
                ],
                [
                    0.0,
                    0.0,
                    0.0,
                    1.0
                ]
            ]
        },
        {
            "file_path": "images/frame_00034.jpg",
            "pose_matrix_c2w": [
                [
                    0.7089505791664124,
                    -0.5080713033676147,
                    0.4891345202922821,
                    1.5548440217971802
                ],
                [
                    0.5595857501029968,
                    -0.016884300857782364,
                    -0.8286004662513733,
                    -1.8805937767028809
                ],
                [
                    0.42924681305885315,
                    0.8611494898796082,
                    0.2723393440246582,
                    -2.0078556537628174
                ],
                [
                    0.0,
                    0.0,
                    0.0,
                    1.0
                ]
            ]
        },
        {
            "file_path": "images/frame_00033.jpg",
            "pose_matrix_c2w": [
                [
                    0.6571413278579712,
                    -0.5314716696739197,
                    0.5345120429992676,
                    1.791489601135254
                ],
                [
                    0.5819171667098999,
                    -0.09301774203777313,
                    -0.8079109191894531,
                    -1.7057238817214966
                ],
                [
                    0.4791008532047272,
                    0.841953456401825,
                    0.2481466829776764,
                    -1.8994710445404053
                ],
                [
                    0.0,
                    0.0,
                    0.0,
                    1.0
                ]
            ]
        },
        {
            "file_path": "images/frame_00032.jpg",
            "pose_matrix_c2w": [
                [
                    0.5686034560203552,
                    -0.5730937123298645,
                    0.5901302099227905,
                    1.9880439043045044
                ],
                [
                    0.604799747467041,
                    -0.1950216442346573,
                    -0.7721294164657593,
                    -1.313998818397522
                ],
                [
                    0.557590663433075,
                    0.7959460616111755,
                    0.23571693897247314,
                    -1.7768714427947998
                ],
                [
                    0.0,
                    0.0,
                    0.0,
                    1.0
                ]
            ]
