{
    "camera_model": "OPENCV",
    "w": 1080,
    "h": 1920,
    "fl_x": 1087.8531447269381,
    "fl_y": 1089.0071109654596,
    "frames": [
        {
            "file_path": "images/frame_00109.jpg",
            "pose_matrix_c2w": [
                [
                    0.9937828183174133,
                    -0.02579852193593979,
                    -0.10830563306808472,
                    1.7648948431015015
                ],
                [
                    -0.10758056491613388,
                    0.028009679168462753,
                    -0.9938017129898071,
                    -2.183244228363037
                ],
                [
                    0.028672222048044205,
                    0.9992746710777283,
                    0.025060119107365608,
                    4.00464391708374
                ],
                [
                    0.0,
                    0.0,
                    0.0,
                    1.0
                ]
            ]
        },
        {
            "file_path": "images/frame_00115.jpg",
            "pose_matrix_c2w": [
                [
                    0.9861699342727661,
                    0.019713815301656723,
                    -0.1645607054233551,
                    2.458341121673584
                ],
                [
                    -0.16533146798610687,
                    0.047570906579494476,
                    -0.9850900769233704,
                    -1.1320160627365112
                ],
                [
                    -0.01159158255904913,
                    0.9986733198165894,
                    0.050172314047813416,
                    4.488851547241211
                ],
                [
                    0.0,
                    0.0,
                    0.0,
                    1.0
                ]
            ]
        },
        {
            "file_path": "images/frame_00122.jpg",
            "pose_matrix_c2w": [
                [
                    0.9964831471443176,
                    -0.03577787056565285,
                    -0.07577131688594818,
                    2.8184115886688232
                ],
                [
                    -0.07966726273298264,
                    -0.124259352684021,
                    -0.9890463948249817,
                    -0.5366790890693665
                ],
                [
                    0.02597067877650261,
                    0.9916045665740967,
                    -0.1266726702451706,
                    3.2138285636901855
                ],
                [
                    0.0,
                    0.0,
                    0.0,
                    1.0
                ]
            ]
        },
        {
            "file_path": "images/frame_00128.jpg",
            "pose_matrix_c2w": [
                [
                    0.9953921437263489,
                    -0.076285220682621,
                    -0.058095648884773254,
                    2.7701518535614014
                ],
                [
                    -0.07821538299322128,
                    -0.29546159505844116,
                    -0.9521474838256836,
                    -0.4982394278049469
                ],
                [
                    0.05546974763274193,
                    0.9523040652275085,
                    -0.30006682872772217,
                    2.114246368408203
                ],
                [
                    0.0,
                    0.0,
                    0.0,
                    1.0
                ]
            ]
        },
        {
            "file_path": "images/frame_00103.jpg",
            "pose_matrix_c2w": [
                [
                    0.9973028302192688,
                    -0.06543419510126114,
                    0.033247485756874084,
                    1.2239642143249512
                ],
                [
                    0.03510427847504616,
                    0.027434084564447403,
                    -0.9990070462226868,
                    -2.100518226623535
                ],
                [
                    0.06445710361003876,
                    0.9974796772003174,
                    0.029657110571861267,
                    3.2722654342651367
                ],
                [
                    0.0,
                    0.0,
                    0.0,
                    1.0
                ]
            ]
        },
        {
            "file_path": "images/frame_00134.jpg",
            "pose_matrix_c2w": [
                [
                    0.9952766299247742,
                    -0.08999402821063995,
                    -0.03640775755047798,
                    2.320720911026001
                ],
                [
                    -0.05268559977412224,
                    -0.18572185933589935,
                    -0.9811888933181763,
                    0.005767771974205971
                ],
                [
                    0.08153942227363586,
                    0.9784725308418274,
                    -0.18958601355552673,
                    1.5536143779754639
                ],
                [
                    0.0,
                    0.0,
                    0.0,
                    1.0
                ]
            ]
        },
        {
            "file_path": "images/frame_00097.jpg",
            "pose_matrix_c2w": [
                [
                    0.969452440738678,
                    -0.13275784254074097,
                    0.20624570548534393,
                    0.37030845880508423
                ],
                [
                    0.21543529629707336,
                    0.058890458196401596,
                    -0.974740743637085,
                    -1.6565308570861816
                ],
                [
                    0.11725857853889465,
                    0.989397406578064,
                    0.08569222688674927,
                    3.2126691341400146
                ],
                [
                    0.0,
                    0.0,
                    0.0,
                    1.0
                ]
            ]
        },
        {
            "file_path": "images/frame_00146.jpg",
            "pose_matrix_c2w": [
                [
                    0.9903017282485962,
                    -0.10438446700572968,
                    0.09168626368045807,
                    0.8309301137924194
                ],
                [
                    0.09809137880802155,
                    0.057967279106378555,
                    -0.9934877157211304,
                    0.3797135055065155
                ],
                [
                    0.0983898863196373,
                    0.9928462505340576,
                    0.06764431297779083,
                    1.7841923236846924
                ],
                [
                    0.0,
                    0.0,
                    0.0,
                    1.0
                ]
            ]
        },
        {
            "file_path": "images/frame_00140.jpg",
            "pose_matrix_c2w": [
                [
                    0.9968453645706177,
                    -0.07306437939405441,
                    -0.030998120084404945,
                    1.5124071836471558
                ],
                [
                    -0.027914950624108315,
                    0.0428481251001358,
                    -0.9986915588378906,
                    -0.006982224993407726
                ],
                [
                    0.0742969885468483,
                    0.9964063763618469,
                    0.04067336767911911,
                    1.2752158641815186
                ],
                [
                    0.0,
                    0.0,
                    0.0,
                    1.0
                ]
            ]
        },
        {
            "file_path": "images/frame_00153.jpg",
            "pose_matrix_c2w": [
                [
                    0.9557626843452454,
                    -0.1630658358335495,
                    0.24480032920837402,
                    -0.145351842045784
                ],
                [
                    0.2576475441455841,
                    0.06262243539094925,
                    -0.9642075300216675,
                    0.8109890818595886
                ],
                [
                    0.14189931750297546,
                    0.9846258163452148,
                    0.10186569392681122,
                    1.969390869140625
                ],
                [
                    0.0,
                    0.0,
                    0.0,
                    1.0
                ]
            ]
        },
        {
            "file_path": "images/frame_00091.jpg",
            "pose_matrix_c2w": [
                [
                    0.9100595116615295,
                    -0.1985340416431427,
                    0.3638349771499634,
                    -0.4286681115627289
                ],
                [
                    0.3911924362182617,
                    0.12134560942649841,
                    -0.9122739434242249,
                    -1.1555702686309814
                ],
                [
                    0.13696765899658203,
                    0.9725530743598938,
                    0.18809673190116882,
                    3.6765389442443848
                ],
                [
                    0.0,
                    0.0,
                    0.0,
                    1.0
                ]
            ]
        },
        {
            "file_path": "images/frame_00084.jpg",
            "pose_matrix_c2w": [
                [
                    0.8351870179176331,
                    -0.2740512192249298,
                    0.47682127356529236,
                    -0.5474496483802795
                ],
                [
                    0.509695291519165,
                    0.06004607304930687,
                    -0.8582570552825928,
                    -0.29510822892189026
                ],
                [
                    0.20657514035701752,
                    0.9598387479782104,
                    0.18983232975006104,
                    4.6643900871276855
                ],
                [
                    0.0,
                    0.0,
                    0.0,
                    1.0
                ]
            ]
        },
        {
            "file_path": "images/frame_00056.jpg",
            "pose_matrix_c2w": [
                [
                    0.9688335657119751,
                    -0.15929318964481354,
                    0.1897028088569641,
                    0.41729581356048584
                ],
                [
                    0.17757807672023773,
                    -0.0873107835650444,
                    -0.9802259206771851,
                    -1.160163402557373
                ],
                [
                    0.17270642518997192,
                    0.9833628535270691,
                    -0.056302640587091446,
                    4.362259864807129
                ],
                [
                    0.0,
                    0.0,
                    0.0,
                    1.0
                ]
            ]
        },
        {
            "file_path": "images/frame_00062.jpg",
            "pose_matrix_c2w": [
                [
                    0.9436201453208923,
                    -0.15553422272205353,
                    0.29221588373184204,
                    0.6757152676582336
                ],
                [
                    0.28633183240890503,
                    -0.059487320482730865,
                    -0.9562820196151733,
                    -0.175448939204216
                ],
                [
                    0.16611771285533905,
                    0.9860377311706543,
                    -0.011599036864936352,
                    5.002976417541504
                ],
                [
                    0.0,
                    0.0,
                    0.0,
                    1.0
                ]
            ]
        },
        {
            "file_path": "images/frame_00068.jpg",
            "pose_matrix_c2w": [
                [
                    0.9078207612037659,
                    -0.12804992496967316,
                    0.3993303179740906,
                    1.0252158641815186
                ],
                [
                    0.3787747621536255,
                    -0.15829765796661377,
                    -0.91185063123703,
                    1.4784706830978394
                ],
                [
                    0.1799754500389099,
                    0.9790531396865845,
                    -0.09520381689071655,
                    4.628894329071045
                ],
                [
                    0.0,
                    0.0,
                    0.0,
                    1.0
                ]
            ]
        },
        {
            "file_path": "images/frame_00075.jpg",
            "pose_matrix_c2w": [
                [
                    0.9239141941070557,
                    -0.13377660512924194,
                    0.3584500253200531,
                    1.8937798738479614
                ],
                [
                    0.3552004098892212,
                    -0.04824679344892502,
                    -0.9335442781448364,
                    1.177331805229187
                ],
                [
                    0.1421804428100586,
                    0.9898363947868347,
                    0.00294160726480186,
                    5.174078941345215
                ],
                [
                    0.0,
                    0.0,
                    0.0,
                    1.0
                ]
            ]
        },
        {
            "file_path": "images/frame_00048.jpg",
            "pose_matrix_c2w": [
                [
                    0.9701375365257263,
                    -0.16306668519973755,
                    0.17956185340881348,
                    -0.9955568313598633
                ],
                [
                    0.16959808766841888,
                    -0.07321038097143173,
                    -0.9827902913093567,
                    -1.8494538068771362
                ],
                [
                    0.17340613901615143,
                    0.9838950634002686,
                    -0.04336833953857422,
                    3.5731606483459473
                ],
                [
                    0.0,
                    0.0,
                    0.0,
                    1.0
                ]
            ]
        },
        {
            "file_path": "images/frame_00041.jpg",
            "pose_matrix_c2w": [
                [
                    0.9371771812438965,
                    -0.11687789857387543,
                    0.3286920189857483,
                    -1.5441333055496216
                ],
                [
                    0.32004836201667786,
                    -0.08684395253658295,
                    -0.9434125423431396,
                    -1.9515700340270996
                ],
                [
                    0.1388089805841446,
                    0.9893420338630676,
                    -0.04398159310221672,
                    3.6840898990631104
                ],
                [
                    0.0,
                    0.0,
                    0.0,
                    1.0
                ]
            ]
        },
        {
            "file_path": "images/frame_00035.jpg",
            "pose_matrix_c2w": [
                [
                    0.9866486191749573,
                    -0.12042635679244995,
                    0.10964471101760864,
                    -2.6104116439819336
                ],
                [
                    0.10448939353227615,
                    -0.04833921045064926,
                    -0.9933505654335022,
                    -1.5377857685089111
                ],
                [
                    0.12492572516202927,
                    0.9915446639060974,
                    -0.03511054068803787,
                    3.447136163711548
                ],
                [
                    0.0,
                    0.0,
                    0.0,
                    1.0
                ]
            ]
        },
        {
            "file_path": "images/frame_00159.jpg",
            "pose_matrix_c2w": [
                [
                    0.9051602482795715,
                    -0.23134638369083405,
                    0.3566003739833832,
                    -1.0135916471481323
                ],
                [
                    0.37996405363082886,
                    0.06427526473999023,
                    -0.9227654337882996,
                    0.2793821692466736
                ],
                [
                    0.19055785238742828,
                    0.970745861530304,
                    0.14608271420001984,
                    1.3584678173065186
                ],
                [
                    0.0,
                    0.0,
                    0.0,
                    1.0
                ]
            ]
        },
        {
            "file_path": "images/frame_00338.jpg",
            "pose_matrix_c2w": [
                [
                    0.9046590924263,
                    -0.23090162873268127,
                    0.35815685987472534,
                    1.230521321296692
                ],
                [
                    0.3609986901283264,
                    -0.03133656457066536,
                    -0.9320396780967712,
                    0.725089967250824
                ],
                [
                    0.2264328896999359,
                    0.9724723696708679,
                    0.055006273090839386,
                    -0.9739547371864319
                ],
                [
                    0.0,
                    0.0,
                    0.0,
                    1.0
                ]
            ]
        },
        {
            "file_path": "images/frame_00332.jpg",
            "pose_matrix_c2w": [
                [
                    0.9102280735969543,
                    -0.2594223916530609,
                    0.32277682423591614,
                    1.113857626914978
                ],
                [
                    0.35586029291152954,
                    0.09140593558549881,
                    -0.9300583004951477,
                    1.8039467334747314
                ],
                [
                    0.21177421510219574,
                    0.9614286422729492,
                    0.17551836371421814,
                    -0.5993897914886475
                ],
                [
                    0.0,
                    0.0,
                    0.0,
                    1.0
                ]
            ]
        },
        {
            "file_path": "images/frame_00326.jpg",
            "pose_matrix_c2w": [
                [
                    0.9091150164604187,
                    -0.31435054540634155,
                    0.273301362991333,
                    0.8717525005340576
                ],
                [
                    0.3545527160167694,
                    0.23958562314510345,
                    -0.903820276260376,
                    2.9321603775024414
                ],
                [
                    0.21863731741905212,
                    0.9185763001441956,
                    0.32926473021507263,
                    -0.3472183644771576
                ],
                [
                    0.0,
                    0.0,
                    0.0,
                    1.0
                ]
            ]
        },
        {
            "file_path": "images/frame_00320.jpg",
            "pose_matrix_c2w": [
                [
                    0.9132292866706848,
                    -0.3589327335357666,
                    0.19282013177871704,
                    0.4567929804325104
                ],
                [
                    0.33169814944267273,
                    0.3801024854183197,
                    -0.8634225130081177,
                    3.9064600467681885
                ],
                [
                    0.23661918938159943,
                    0.8524608016014099,
                    0.4661780297756195,
                    0.16793499886989594
                ],
                [
                    0.0,
                    0.0,
                    0.0,
                    1.0
                ]
            ]
        },
        {
            "file_path": "images/frame_00314.jpg",
            "pose_matrix_c2w": [
                [
                    0.9314018487930298,
                    -0.3544439673423767,
                    0.08282573521137238,
                    0.12938977777957916
                ],
                [
                    0.2737431824207306,
                    0.5321154594421387,
                    -0.8011977076530457,
                    4.177364826202393
                ],
                [
                    0.23990684747695923,
                    0.7689099907875061,
                    0.5926399230957031,
                    0.8911387920379639
                ],
                [
                    0.0,
                    0.0,
                    0.0,
                    1.0
                ]
            ]
        },
        {
            "file_path": "images/frame_00344.jpg",
            "pose_matrix_c2w": [
                [
                    0.9125534892082214,
                    -0.24820847809314728,
                    0.3250211179256439,
                    1.1968860626220703
                ],
                [
                    0.3532544672489166,
                    0.0779813826084137,
                    -0.9322715401649475,
                    0.4633486270904541
                ],
                [
                    0.20605209469795227,
                    0.9655627608299255,
                    0.15884293615818024,
                    -1.615120530128479
                ],
                [
                    0.0,
                    0.0,
                    0.0,
                    1.0
                ]
            ]
        },
        {
            "file_path": "images/frame_00351.jpg",
            "pose_matrix_c2w": [
                [
                    0.9220967888832092,
                    -0.3068878650665283,
                    0.2357061505317688,
                    0.3248750865459442
                ],
                [
                    0.33862942457199097,
                    0.34517902135849,
                    -0.8753179907798767,
                    0.6889846920967102
                ],
                [
                    0.1872636377811432,
                    0.8869448900222778,
                    0.4222097098827362,
                    -1.4098315238952637
                ],
                [
                    0.0,
                    0.0,
                    0.0,
                    1.0
                ]
            ]
        },
        {
            "file_path": "images/frame_00357.jpg",
            "pose_matrix_c2w": [
                [
                    0.9138779640197754,
                    -0.39982113242149353,
                    0.07049915194511414,
                    -0.2717006504535675
                ],
                [
                    0.3097493052482605,
                    0.5743944644927979,
                    -0.7577112317085266,
                    1.412109375
                ],
                [
                    0.26245465874671936,
                    0.7142926454544067,
                    0.648770809173584,
                    -0.7697336077690125
                ],
                [
                    0.0,
                    0.0,
                    0.0,
                    1.0
                ]
            ]
        },
        {
            "file_path": "images/frame_00363.jpg",
            "pose_matrix_c2w": [
                [
                    0.8731957077980042,
                    -0.4652138650417328,
                    -0.14527654647827148,
                    -0.8926960229873657
                ],
                [
                    0.2953720688819885,
                    0.7422479391098022,
                    -0.6015175580978394,
                    2.1707193851470947
                ],
                [
                    0.3876655101776123,
                    0.48233193159103394,
                    0.785538911819458,
                    -0.8118691444396973
                ],
                [
                    0.0,
                    0.0,
                    0.0,
                    1.0
                ]
            ]
        },
        {
            "file_path": "images/frame_00369.jpg",
            "pose_matrix_c2w": [
                [
                    0.7917642593383789,
                    -0.508873462677002,
                    -0.3378714621067047,
                    -1.6178072690963745
                ],
                [
                    0.3305447995662689,
                    0.8220943808555603,
                    -0.463574081659317,
                    2.9204540252685547
                ],
                [
                    0.5136628150939941,
                    0.2553597390651703,
                    0.8191104531288147,
                    -0.77549809217453
                ],
                [
                    0.0,
                    0.0,
                    0.0,
                    1.0
                ]
            ]
        },
        {
            "file_path": "images/frame_00307.jpg",
            "pose_matrix_c2w": [
                [
                    0.947460949420929,
                    -0.31518131494522095,
                    -0.05457605421543121,
                    -0.6483519673347473
                ],
                [
                    0.1822148561477661,
                    0.6720367074012756,
                    -0.7177495956420898,
                    5.153861045837402
                ],
                [
                    0.26289835572242737,
                    0.6700950860977173,
                    0.694159209728241,
                    1.5537137985229492
                ],
                [
                    0.0,
                    0.0,
                    0.0,
                    1.0
                ]
            ]
        },
        {
            "file_path": "images/frame_00375.jpg",
            "pose_matrix_c2w": [
                [
                    0.6447432041168213,
                    -0.5077301859855652,
                    -0.5714160203933716,
                    -2.2209866046905518
                ],
                [
                    0.33327966928482056,
                    0.8594606518745422,
                    -0.38762354850769043,
                    3.3860931396484375
                ],
                [
                    0.6879177689552307,
                    0.05947630852460861,
                    0.7233476042747498,
                    -1.2601187229156494
                ],
                [
                    0.0,
                    0.0,
                    0.0,
                    1.0
                ]
            ]
        },
        {
            "file_path": "images/frame_00301.jpg",
            "pose_matrix_c2w": [
                [
                    0.9517455697059631,
                    -0.30374443531036377,
                    -0.043814025819301605,
                    -0.07461065798997879
                ],
                [
                    0.17421509325504303,
                    0.6522887349128723,
                    -0.7376777529716492,
                    5.418768882751465
                ],
                [
                    0.25264492630958557,
                    0.6944484710693359,
                    0.6737297773361206,
                    1.3910561800003052
                ],
                [
                    0.0,
                    0.0,
                    0.0,
                    1.0
                ]
            ]
        },
        {
            "file_path": "images/frame_00295.jpg",
            "pose_matrix_c2w": [
                [
                    0.9548373222351074,
                    -0.2914291024208069,
                    -0.0579204261302948,
                    1.1165117025375366
                ],
                [
                    0.149100661277771,
                    0.6385636925697327,
                    -0.7549870014190674,
                    5.219690799713135
                ],
                [
                    0.2570110559463501,
                    0.7122538089752197,
                    0.6531767249107361,
                    1.1554309129714966
                ],
                [
                    0.0,
                    0.0,
                    0.0,
                    1.0
                ]
            ]
        },
        {
            "file_path": "images/frame_00264.jpg",
            "pose_matrix_c2w": [
                [
                    0.9209517240524292,
                    -0.2627021372318268,
                    0.2878114879131317,
                    0.8535993099212646
                ],
                [
                    0.3478485345840454,
                    0.2213134467601776,
                    -0.911055326461792,
                    -0.574158787727356
                ],
                [
                    0.17563961446285248,
                    0.9391527771949768,
                    0.29519954323768616,
                    -1.0121163129806519
                ],
                [
                    0.0,
                    0.0,
                    0.0,
                    1.0
                ]
            ]
        },
        {
            "file_path": "images/frame_00258.jpg",
            "pose_matrix_c2w": [
                [
                    0.8581637144088745,
                    -0.32858806848526,
                    0.39444249868392944,
                    0.012169592082500458
                ],
                [
                    0.46776697039604187,
                    0.18387730419635773,
                    -0.8645132780075073,
                    -1.2786974906921387
                ],
                [
                    0.21153973042964935,
                    0.9264010787010193,
                    0.3114994764328003,
                    -1.3298423290252686
                ],
                [
                    0.0,
                    0.0,
                    0.0,
                    1.0
                ]
            ]
        },
        {
            "file_path": "images/frame_00252.jpg",
            "pose_matrix_c2w": [
                [
                    0.7203083634376526,
                    -0.42470264434814453,
                    0.5484373569488525,
                    -0.7903270721435547
                ],
                [
                    0.648377537727356,
                    0.13126638531684875,
                    -0.7499171495437622,
                    -1.5270825624465942
                ],
                [
                    0.2465004026889801,
                    0.895766019821167,
                    0.36991992592811584,
                    -1.4987980127334595
                ],
                [
                    0.0,
                    0.0,
                    0.0,
                    1.0
                ]
            ]
        },
        {
            "file_path": "images/frame_00165.jpg",
            "pose_matrix_c2w": [
                [
                    0.8399489521980286,
                    -0.2766163647174835,
                    0.46687161922454834,
                    -1.7807776927947998
                ],
                [
                    0.49081355333328247,
                    0.020242543891072273,
                    -0.8710294365882874,
                    -0.3180248439311981
                ],
                [
                    0.23149031400680542,
                    0.9607672095298767,
                    0.1527697592973709,
                    1.0563682317733765
                ],
                [
                    0.0,
                    0.0,
                    0.0,
                    1.0
                ]
            ]
        },
        {
            "file_path": "images/frame_00171.jpg",
            "pose_matrix_c2w": [
                [
                    0.7575802206993103,
                    -0.33593887090682983,
                    0.5596582293510437,
                    -2.4283859729766846
                ],
                [
                    0.5866955518722534,
                    -0.025373712182044983,
                    -0.8094099760055542,
                    -0.807575523853302
                ],
                [
                    0.28611287474632263,
                    0.9415419697761536,
                    0.1778712123632431,
                    0.7086946964263916
                ],
                [
                    0.0,
                    0.0,
                    0.0,
                    1.0
                ]
            ]
        },
        {
            "file_path": "images/frame_00177.jpg",
            "pose_matrix_c2w": [
                [
                    0.633115828037262,
                    -0.38136154413223267,
                    0.6735931634902954,
                    -2.9864954948425293
                ],
                [
                    0.7070027589797974,
                    -0.06938202679157257,
                    -0.7037991285324097,
                    -1.3454891443252563
                ],
                [
                    0.31513717770576477,
                    0.9218186140060425,
                    0.22569681704044342,
                    0.46542686223983765
                ],
                [
                    0.0,
                    0.0,
                    0.0,
                    1.0
                ]
            ]
        },
        {
            "file_path": "images/frame_00270.jpg",
            "pose_matrix_c2w": [
                [
                    0.9533702731132507,
                    -0.24442660808563232,
                    0.17703330516815186,
                    2.1796305179595947
                ],
                [
                    0.243809312582016,
                    0.2780204117298126,
                    -0.9291187524795532,
                    0.18586404621601105
                ],
                [
                    0.17788247764110565,
                    0.9289565682411194,
                    0.3246498703956604,
                    -0.7046780586242676
                ],
                [
                    0.0,
                    0.0,
                    0.0,
                    1.0
                ]
            ]
        },
        {
            "file_path": "images/frame_00276.jpg",
            "pose_matrix_c2w": [
                [
                    0.9485373497009277,
                    -0.2822170555591583,
                    0.1436328887939453,
                    3.0798912048339844
                ],
                [
                    0.23824800550937653,
                    0.33721959590911865,
                    -0.9107803702354431,
                    1.1963316202163696
                ],
                [
                    0.2086019366979599,
                    0.8981294631958008,
                    0.38710302114486694,
                    -0.42956486344337463
                ],
                [
                    0.0,
                    0.0,
                    0.0,
                    1.0
                ]
            ]
        },
        {
            "file_path": "images/frame_00183.jpg",
            "pose_matrix_c2w": [
                [
                    0.47875744104385376,
                    -0.4167114198207855,
                    0.772750198841095,
                    -3.603705883026123
                ],
                [
                    0.812081515789032,
                    -0.12429596483707428,
                    -0.5701526999473572,
                    -1.9651525020599365
                ],
                [
                    0.33363887667655945,
                    0.900501012802124,
                    0.2788960337638855,
                    0.17328408360481262
                ],
                [
                    0.0,
                    0.0,
                    0.0,
                    1.0
                ]
            ]
        },
        {
            "file_path": "images/frame_00382.jpg",
            "pose_matrix_c2w": [
                [
                    0.5781029462814331,
                    -0.6417495012283325,
                    -0.5039390325546265,
                    -2.5196073055267334
                ],
                [
                    0.429034024477005,
                    0.7644028663635254,
                    -0.48126715421676636,
                    2.850989580154419
                ],
                [
                    0.6940653920173645,
                    0.062014948576688766,
                    0.7172359228134155,
                    -1.756890892982483
                ],
                [
                    0.0,
                    0.0,
                    0.0,
                    1.0
                ]
            ]
        },
        {
            "file_path": "images/frame_00283.jpg",
            "pose_matrix_c2w": [
                [
                    0.9166176915168762,
                    -0.39634406566619873,
                    0.0521862767636776,
                    2.9360997676849365
                ],
                [
                    0.24626284837722778,
                    0.45698976516723633,
                    -0.8547016978263855,
                    2.7086892127990723
                ],
                [
                    0.31490734219551086,
                    0.7962862253189087,
                    0.5164897441864014,
                    0.5471110939979553
                ],
                [
                    0.0,
                    0.0,
                    0.0,
                    1.0
                ]
            ]
        },
        {
            "file_path": "images/frame_00289.jpg",
            "pose_matrix_c2w": [
                [
                    0.9311847686767578,
                    -0.3639385998249054,
                    -0.021062178537249565,
                    2.217172384262085
                ],
                [
                    0.20563969016075134,
                    0.5721062421798706,
                    -0.7939816117286682,
                    4.206839561462402
                ],
                [
                    0.3010103404521942,
                    0.7350123524665833,
                    0.607576847076416,
                    0.9916051030158997
                ],
                [
                    0.0,
                    0.0,
                    0.0,
                    1.0
                ]
            ]
        },
        {
            "file_path": "images/frame_00388.jpg",
            "pose_matrix_c2w": [
                [
                    0.4571794271469116,
                    -0.6857560873031616,
                    -0.566326379776001,
                    -2.9613513946533203
                ],
                [
                    0.44776496291160583,
                    0.727655291557312,
                    -0.5196386575698853,
                    2.358511209487915
                ],
                [
                    0.7684357762336731,
                    -0.01601300574839115,
                    0.6397265791893005,
                    -2.219841241836548
                ],
                [
                    0.0,
                    0.0,
                    0.0,
                    1.0
