{
    "camera_model": "OPENCV",
    "w": 1920,
    "h": 1080,
    "fl_x": 1731.2809567431925,
    "fl_y": 1736.5775367330227,
    "frames": [
        {
            "file_path": "images/frame_00038.jpg",
            "pose_matrix_c2w": [
                [
                    0.9900813698768616,
                    -0.13888922333717346,
                    0.021182361990213394,
                    1.8491188287734985
                ],
                [
                    0.01917208544909954,
                    -0.01579604297876358,
                    -0.9996914267539978,
                    -1.4462642669677734
                ],
                [
                    0.1391809582710266,
                    0.9901819229125977,
                    -0.0129765709862113,
                    -2.306985855102539
                ],
                [
                    0.0,
                    0.0,
                    0.0,
                    1.0
                ]
            ]
        },
        {
            "file_path": "images/frame_00042.jpg",
            "pose_matrix_c2w": [
                [
                    0.9719185829162598,
                    0.11388282477855682,
                    -0.20592477917671204,
                    0.9260798692703247
                ],
                [
                    -0.2092229127883911,
                    0.01767866127192974,
                    -0.9777081608772278,
                    -1.7853108644485474
                ],
                [
                    -0.10770369321107864,
                    0.9933368563652039,
                    0.04100911691784859,
                    -1.594394326210022
                ],
                [
                    0.0,
                    0.0,
                    0.0,
                    1.0
                ]
            ]
        },
        {
            "file_path": "images/frame_00037.jpg",
            "pose_matrix_c2w": [
                [
                    0.9830782413482666,
                    -0.17456252872943878,
                    0.055543769150972366,
                    1.9115543365478516
                ],
                [
                    0.04928784444928169,
                    -0.03997424989938736,
                    -0.9979843497276306,
                    -1.3860387802124023
                ],
                [
                    0.17643100023269653,
                    0.9838343262672424,
                    -0.030694004148244858,
                    -2.3974435329437256
                ],
                [
                    0.0,
                    0.0,
                    0.0,
                    1.0
                ]
            ]
        },
        {
            "file_path": "images/frame_00035.jpg",
            "pose_matrix_c2w": [
                [
                    0.9773135185241699,
                    -0.19680337607860565,
                    0.07827303558588028,
                    2.0068845748901367
                ],
                [
                    0.06713680922985077,
                    -0.06264445930719376,
                    -0.9957752227783203,
                    -1.1304726600646973
                ],
                [
                    0.20087529718875885,
                    0.9784396290779114,
                    -0.04801052808761597,
                    -2.4310805797576904
                ],
                [
                    0.0,
                    0.0,
                    0.0,
                    1.0
                ]
            ]
        },
        {
            "file_path": "images/frame_00034.jpg",
            "pose_matrix_c2w": [
                [
                    0.9778230786323547,
                    -0.19554924964904785,
                    0.07498332113027573,
                    2.0042407512664795
                ],
                [
                    0.06372509151697159,
                    -0.0632505863904953,
                    -0.99596107006073,
                    -1.0651675462722778
                ],
                [
                    0.19950218498706818,
                    0.9786520600318909,
                    -0.049386490136384964,
                    -2.411020040512085
                ],
                [
                    0.0,
                    0.0,
                    0.0,
                    1.0
                ]
            ]
        },
        {
            "file_path": "images/frame_00033.jpg",
            "pose_matrix_c2w": [
                [
                    0.9809442162513733,
                    -0.18463441729545593,
                    0.06048644706606865,
                    1.942808747291565
                ],
                [
                    0.04958165064454079,
                    -0.06312177330255508,
                    -0.9967734217643738,
                    -1.0260512828826904
                ],
                [
                    0.18785670399665833,
                    0.980778157711029,
                    -0.05276445671916008,
                    -2.413064479827881
                ],
                [
                    0.0,
                    0.0,
                    0.0,
                    1.0
                ]
            ]
        },
        {
            "file_path": "images/frame_00032.jpg",
            "pose_matrix_c2w": [
                [
                    0.9873185157775879,
                    -0.15394526720046997,
                    0.038769301027059555,
                    1.8003891706466675
                ],
                [
                    0.028649168089032173,
                    -0.06742189079523087,
                    -0.9973131418228149,
                    -0.9711743593215942
                ],
                [
                    0.15614554286003113,
                    0.985776424407959,
                    -0.06215647608041763,
                    -2.4031453132629395
                ],
                [
                    0.0,
                    0.0,
                    0.0,
                    1.0
                ]
            ]
        },
        {
            "file_path": "images/frame_00031.jpg",
            "pose_matrix_c2w": [
                [
                    0.9931923151016235,
                    -0.11579609662294388,
                    0.012662483379244804,
                    1.6479777097702026
                ],
                [
                    0.004149000626057386,
                    -0.07346878945827484,
                    -0.9972888827323914,
                    -0.9094887375831604
                ],
                [
                    0.116412453353405,
                    0.9905521869659424,
                    -0.0724881961941719,
                    -2.448798894882202
                ],
                [
                    0.0,
                    0.0,
                    0.0,
                    1.0
                ]
            ]
        },
        {
            "file_path": "images/frame_00039.jpg",
            "pose_matrix_c2w": [
                [
                    0.9960272312164307,
                    -0.08252505958080292,
                    -0.03345709666609764,
                    1.7207146883010864
                ],
                [
                    -0.03316430002450943,
                    0.0049165706150233746,
                    -0.9994378089904785,
                    -1.4867329597473145
                ],
                [
                    0.08264315873384476,
                    0.9965768456459045,
                    0.002160152420401573,
                    -2.1626405715942383
                ],
                [
                    0.0,
                    0.0,
                    0.0,
                    1.0
                ]
            ]
        },
        {
            "file_path": "images/frame_00029.jpg",
            "pose_matrix_c2w": [
                [
                    0.997918426990509,
                    -0.006195128429681063,
                    -0.06419092416763306,
                    1.2634563446044922
                ],
                [
                    -0.0644867941737175,
                    -0.08730094879865646,
                    -0.9940925240516663,
                    -0.8412834405899048
                ],
                [
                    0.0005546021275222301,
                    0.9961627125740051,
                    -0.08751872926950455,
                    -2.5287747383117676
                ],
                [
                    0.0,
                    0.0,
                    0.0,
                    1.0
                ]
            ]
        },
        {
            "file_path": "images/frame_00028.jpg",
            "pose_matrix_c2w": [
                [
                    0.9925307631492615,
                    0.052542392164468765,
                    -0.11009962856769562,
                    1.075366735458374
                ],
                [
                    -0.1045575737953186,
                    -0.09859047085046768,
                    -0.9896199703216553,
                    -0.814628541469574
                ],
                [
                    -0.06285177171230316,
                    0.9937400221824646,
                    -0.09236036986112595,
                    -2.484990119934082
                ],
                [
                    0.0,
                    0.0,
                    0.0,
                    1.0
                ]
            ]
        },
        {
            "file_path": "images/frame_00027.jpg",
            "pose_matrix_c2w": [
                [
                    0.9836472868919373,
                    0.09990942478179932,
                    -0.14985372126102448,
                    0.9522550702095032
                ],
                [
                    -0.13882248103618622,
                    -0.10950281471014023,
                    -0.9842445850372314,
                    -0.8020815253257751
                ],
                [
                    -0.11474471539258957,
                    0.9889525771141052,
                    -0.09384247660636902,
                    -2.498023271560669
                ],
                [
                    0.0,
                    0.0,
                    0.0,
                    1.0
                ]
            ]
        },
        {
            "file_path": "images/frame_00026.jpg",
            "pose_matrix_c2w": [
                [
                    0.968963086605072,
                    0.15210886299610138,
                    -0.19486784934997559,
                    0.8546082973480225
                ],
                [
                    -0.17773160338401794,
                    -0.11923772096633911,
                    -0.9768284559249878,
                    -0.8526818752288818
                ],
                [
                    -0.17181988060474396,
                    0.9811448454856873,
                    -0.08850239962339401,
                    -2.4847915172576904
                ],
                [
                    0.0,
                    0.0,
                    0.0,
                    1.0
                ]
            ]
        },
        {
            "file_path": "images/frame_00109.jpg",
            "pose_matrix_c2w": [
                [
                    0.9405332803726196,
                    -0.2802797257900238,
                    0.19193851947784424,
                    2.644263505935669
                ],
                [
                    0.14762504398822784,
                    -0.17164504528045654,
                    -0.9740353226661682,
                    -1.3730309009552002
                ],
                [
                    0.3059476613998413,
                    0.9444475769996643,
                    -0.12006156891584396,
                    -2.7040207386016846
                ],
                [
                    0.0,
                    0.0,
                    0.0,
                    1.0
                ]
            ]
        },
        {
            "file_path": "images/frame_00108.jpg",
            "pose_matrix_c2w": [
                [
                    0.9632524847984314,
                    -0.22453531622886658,
                    0.14740601181983948,
                    2.39052414894104
                ],
                [
                    0.10409802198410034,
                    -0.1938287913799286,
                    -0.975496768951416,
                    -1.4466793537139893
                ],
                [
                    0.24760501086711884,
                    0.9549943804740906,
                    -0.16333238780498505,
                    -2.862480401992798
                ],
                [
                    0.0,
                    0.0,
                    0.0,
                    1.0
                ]
            ]
        },
        {
            "file_path": "images/frame_00110.jpg",
            "pose_matrix_c2w": [
                [
                    0.9131734371185303,
                    -0.33049720525741577,
                    0.2385074943304062,
                    2.825756311416626
                ],
                [
                    0.19433867931365967,
                    -0.1613038182258606,
                    -0.9675812721252441,
                    -1.2945877313613892
                ],
                [
                    0.3582550883293152,
                    0.9299207925796509,
                    -0.08306998014450073,
                    -2.584756374359131
                ],
                [
                    0.0,
                    0.0,
                    0.0,
                    1.0
                ]
            ]
        },
        {
            "file_path": "images/frame_00112.jpg",
            "pose_matrix_c2w": [
                [
                    0.831984281539917,
                    -0.42712774872779846,
                    0.354067862033844,
                    3.31943941116333
                ],
                [
                    0.30859076976776123,
                    -0.17408478260040283,
                    -0.9351289868354797,
                    -1.4106396436691284
                ],
                [
                    0.4610573649406433,
                    0.8872746825218201,
                    -0.013028115034103394,
                    -2.2429447174072266
                ],
                [
                    0.0,
                    0.0,
                    0.0,
                    1.0
                ]
            ]
        },
        {
            "file_path": "images/frame_00113.jpg",
            "pose_matrix_c2w": [
                [
                    0.7794781923294067,
                    -0.4753977656364441,
                    0.40793463587760925,
                    3.6445324420928955
                ],
                [
                    0.36261194944381714,
                    -0.1885932832956314,
                    -0.9126582741737366,
                    -1.4310903549194336
                ],
                [
                    0.5108094811439514,
                    0.8593192100524902,
                    0.025380559265613556,
                    -2.2315304279327393
                ],
                [
                    0.0,
                    0.0,
                    0.0,
                    1.0
                ]
            ]
        },
        {
            "file_path": "images/frame_00114.jpg",
            "pose_matrix_c2w": [
                [
                    0.7311910390853882,
                    -0.5129255652427673,
                    0.4497411251068115,
                    3.884276866912842
                ],
                [
                    0.40439239144325256,
                    -0.20503734052181244,
                    -0.8913060426712036,
                    -1.363372564315796
                ],
                [
                    0.5493873953819275,
                    0.8335868716239929,
                    0.05750172212719917,
                    -2.156752586364746
                ],
                [
                    0.0,
                    0.0,
                    0.0,
                    1.0
                ]
            ]
        },
        {
            "file_path": "images/frame_00115.jpg",
            "pose_matrix_c2w": [
                [
                    0.6706210374832153,
                    -0.5568933486938477,
                    0.4900380074977875,
                    4.090568542480469
                ],
                [
                    0.4486832916736603,
                    -0.22154372930526733,
                    -0.8657954335212708,
                    -1.1928915977478027
                ],
                [
                    0.590720534324646,
                    0.8004924654960632,
                    0.10129684209823608,
                    -1.9783856868743896
                ],
                [
                    0.0,
                    0.0,
                    0.0,
                    1.0
                ]
            ]
        },
        {
            "file_path": "images/frame_00116.jpg",
            "pose_matrix_c2w": [
                [
                    0.6125453114509583,
                    -0.5926385521888733,
                    0.5230370759963989,
                    4.224617958068848
                ],
                [
                    0.4854065477848053,
                    -0.24020446836948395,
                    -0.8406439423561096,
                    -1.0119705200195312
                ],
                [
                    0.6238338351249695,
                    0.7688181400299072,
                    0.14053450524806976,
                    -1.8001935482025146
                ],
                [
                    0.0,
                    0.0,
                    0.0,
                    1.0
                ]
            ]
        },
        {
            "file_path": "images/frame_00118.jpg",
            "pose_matrix_c2w": [
                [
                    0.47213515639305115,
                    -0.6629974842071533,
                    0.5809670686721802,
                    4.474238872528076
                ],
                [
                    0.5542261004447937,
                    -0.28924834728240967,
                    -0.7804926633834839,
                    -0.6632792353630066
                ],
                [
                    0.6855084300041199,
                    0.6904851198196411,
                    0.23088617622852325,
                    -1.2101843357086182
                ],
                [
                    0.0,
                    0.0,
                    0.0,
                    1.0
                ]
            ]
        },
        {
            "file_path": "images/frame_00106.jpg",
            "pose_matrix_c2w": [
                [
                    0.9836841821670532,
                    -0.13963505625724792,
                    0.11343472450971603,
                    1.984851598739624
                ],
                [
                    0.07434248179197311,
                    -0.258670836687088,
                    -0.9631004929542542,
                    -1.6531109809875488
                ],
                [
                    0.16382485628128052,
                    0.9558197855949402,
                    -0.24406960606575012,
                    -2.946336269378662
                ],
                [
                    0.0,
                    0.0,
                    0.0,
                    1.0
                ]
            ]
        },
        {
            "file_path": "images/frame_00105.jpg",
            "pose_matrix_c2w": [
                [
                    0.9881673455238342,
                    -0.11271372437477112,
                    0.10402364283800125,
                    1.7641503810882568
                ],
                [
                    0.06771598756313324,
                    -0.28793448209762573,
                    -0.955253005027771,
                    -1.734615683555603
                ],
                [
                    0.13762211799621582,
                    0.9509938955307007,
                    -0.2768949270248413,
                    -3.015066385269165
                ],
                [
                    0.0,
                    0.0,
                    0.0,
                    1.0
                ]
            ]
        },
        {
            "file_path": "images/frame_00104.jpg",
            "pose_matrix_c2w": [
                [
                    0.9904450178146362,
                    -0.09599786251783371,
                    0.09901066869497299,
                    1.627901315689087
                ],
                [
                    0.06591347604990005,
                    -0.3011108934879303,
                    -0.9513083696365356,
                    -1.797107219696045
                ],
                [
                    0.12113676220178604,
                    0.9487447738647461,
                    -0.2919062376022339,
                    -3.021775245666504
                ],
                [
                    0.0,
                    0.0,
                    0.0,
                    1.0
                ]
            ]
        },
        {
            "file_path": "images/frame_00101.jpg",
            "pose_matrix_c2w": [
                [
                    0.9975357055664062,
                    -0.0485629178583622,
                    0.050637755542993546,
                    1.2949541807174683
                ],
                [
                    0.03622300177812576,
                    -0.26163432002067566,
                    -0.9644871354103088,
                    -1.650611162185669
                ],
                [
                    0.06008688360452652,
                    0.9639445543289185,
                    -0.25923046469688416,
                    -2.8029894828796387
                ],
                [
                    0.0,
                    0.0,
                    0.0,
                    1.0
                ]
            ]
        },
        {
            "file_path": "images/frame_00102.jpg",
            "pose_matrix_c2w": [
                [
                    0.9939112663269043,
                    -0.07232127338647842,
                    0.0831262469291687,
                    1.45773446559906
                ],
                [
                    0.05798865854740143,
                    -0.2981587052345276,
                    -0.9527532458305359,
                    -1.8170644044876099
                ],
                [
                    0.09368914365768433,
                    0.9517725706100464,
                    -0.29214948415756226,
                    -3.019289970397949
                ],
                [
                    0.0,
                    0.0,
                    0.0,
                    1.0
                ]
            ]
        },
        {
            "file_path": "images/frame_00100.jpg",
            "pose_matrix_c2w": [
                [
                    0.9997574090957642,
                    -0.017810696735978127,
                    0.01295698806643486,
                    1.1127792596817017
                ],
                [
                    0.00872871559113264,
                    -0.21971459686756134,
                    -0.9755251407623291,
                    -1.6119588613510132
                ],
                [
                    0.020221620798110962,
                    0.9754015803337097,
                    -0.21950583159923553,
                    -2.6464669704437256
                ],
                [
                    0.0,
                    0.0,
                    0.0,
                    1.0
                ]
            ]
        },
        {
            "file_path": "images/frame_00099.jpg",
            "pose_matrix_c2w": [
                [
                    0.9986572861671448,
                    0.02769405208528042,
                    -0.043780017644166946,
                    0.8222986459732056
                ],
                [
                    -0.03857369348406792,
                    -0.16658295691013336,
                    -0.9852726459503174,
                    -1.571630597114563
                ],
                [
                    -0.03457919880747795,
                    0.985638439655304,
                    -0.16529101133346558,
                    -2.508835792541504
                ],
                [
                    0.0,
                    0.0,
                    0.0,
                    1.0
                ]
            ]
        },
        {
            "file_path": "images/frame_00098.jpg",
            "pose_matrix_c2w": [
                [
                    0.993198812007904,
                    0.0706852450966835,
                    -0.09251850843429565,
                    0.55624920129776
                ],
                [
                    -0.0826057642698288,
                    -0.1321871280670166,
                    -0.9877766966819763,
                    -1.6647391319274902
                ],
                [
                    -0.08205099403858185,
                    0.9887012243270874,
                    -0.12544909119606018,
                    -2.351245880126953
                ],
                [
                    0.0,
                    0.0,
                    0.0,
                    1.0
                ]
            ]
        },
        {
            "file_path": "images/frame_00040.jpg",
            "pose_matrix_c2w": [
                [
                    0.9950069785118103,
                    -0.01648315042257309,
                    -0.0984349176287651,
                    1.5240919589996338
                ],
                [
                    -0.09827818721532822,
                    0.010064898990094662,
                    -0.9951080679893494,
                    -1.486002802848816
                ],
                [
                    0.01739325374364853,
                    0.9998134970664978,
                    0.008394710719585419,
                    -1.9766193628311157
                ],
                [
                    0.0,
                    0.0,
                    0.0,
                    1.0
                ]
            ]
        },
        {
            "file_path": "images/frame_00119.jpg",
            "pose_matrix_c2w": [
                [
                    0.3943523168563843,
                    -0.6929143667221069,
                    0.6036190390586853,
                    4.5375590324401855
                ],
                [
                    0.5911232829093933,
                    -0.31164902448654175,
                    -0.7439410090446472,
                    -0.45089179277420044
                ],
                [
                    0.7036046981811523,
                    0.6501880884170532,
                    0.28669828176498413,
                    -0.9660758376121521
                ],
                [
                    0.0,
                    0.0,
                    0.0,
                    1.0
                ]
            ]
        },
        {
            "file_path": "images/frame_00120.jpg",
            "pose_matrix_c2w": [
                [
                    0.33285006880760193,
                    -0.7098856568336487,
                    0.6207037568092346,
                    4.592845439910889
                ],
                [
                    0.6155902147293091,
                    -0.3350485861301422,
                    -0.7132959365844727,
                    -0.349308043718338
                ],
                [
                    0.7143244743347168,
                    0.6195197701454163,
                    0.3254777491092682,
                    -0.773709237575531
                ],
                [
                    0.0,
                    0.0,
                    0.0,
                    1.0
                ]
            ]
        },
        {
            "file_path": "images/frame_00121.jpg",
            "pose_matrix_c2w": [
                [
                    0.26225292682647705,
                    -0.730221152305603,
                    0.6308727860450745,
                    4.632688999176025
                ],
                [
                    0.6377109885215759,
                    -0.359516978263855,
                    -0.6812284588813782,
                    -0.17035190761089325
                ],
                [
                    0.7242568731307983,
                    0.5809686779975891,
                    0.37138569355010986,
                    -0.5243300199508667
                ],
                [
                    0.0,
                    0.0,
                    0.0,
                    1.0
                ]
            ]
        },
        {
            "file_path": "images/frame_00097.jpg",
            "pose_matrix_c2w": [
                [
                    0.983250081539154,
                    0.11787513643503189,
                    -0.13901355862617493,
                    0.3467687666416168
                ],
                [
                    -0.12654300034046173,
                    -0.10741675645112991,
                    -0.986128032207489,
                    -1.673258900642395
                ],
                [
                    -0.13117235898971558,
                    0.9872016310691833,
                    -0.09070125967264175,
                    -2.210211992263794
                ],
                [
                    0.0,
                    0.0,
                    0.0,
                    1.0
                ]
            ]
        },
        {
            "file_path": "images/frame_00122.jpg",
            "pose_matrix_c2w": [
                [
                    0.1971961408853531,
                    -0.7468303442001343,
                    0.635104775428772,
                    4.698784828186035
                ],
                [
                    0.6539358496665955,
                    -0.3824447989463806,
                    -0.6527662873268127,
                    -0.03700403496623039
                ],
                [
                    0.7303982377052307,
                    0.5440407991409302,
                    0.41296252608299255,
                    -0.31333088874816895
                ],
                [
                    0.0,
                    0.0,
                    0.0,
                    1.0
                ]
            ]
        },
        {
            "file_path": "images/frame_00041.jpg",
            "pose_matrix_c2w": [
                [
                    0.987269401550293,
                    0.044413574039936066,
                    -0.15273019671440125,
                    1.2539397478103638
                ],
                [
                    -0.15344944596290588,
                    0.013242964632809162,
                    -0.9880677461624146,
                    -1.6345398426055908
                ],
                [
                    -0.041861020028591156,
                    0.9989254474639893,
                    0.01988961175084114,
                    -1.7128344774246216
                ],
                [
                    0.0,
                    0.0,
                    0.0,
                    1.0
                ]
            ]
        },
        {
            "file_path": "images/frame_00123.jpg",
            "pose_matrix_c2w": [
                [
                    0.11447525769472122,
                    -0.7679789066314697,
                    0.630161702632904,
                    4.699788570404053
                ],
                [
                    0.6697842478752136,
                    -0.40880972146987915,
                    -0.619890034198761,
                    0.11745370179414749
                ],
                [
                    0.7336786985397339,
                    0.4930344820022583,
                    0.4675815999507904,
                    -0.08447059243917465
                ],
                [
                    0.0,
                    0.0,
                    0.0,
                    1.0
                ]
            ]
        },
        {
            "file_path": "images/frame_00025.jpg",
            "pose_matrix_c2w": [
                [
                    0.9533368945121765,
                    0.19220024347305298,
                    -0.2328258454799652,
                    0.7152230739593506
                ],
                [
                    -0.21088919043540955,
                    -0.12790973484516144,
                    -0.9691051840782166,
                    -0.9321311116218567
                ],
                [
                    -0.21604295074939728,
                    0.9729841351509094,
                    -0.08140811324119568,
                    -2.43851637840271
                ],
                [
                    0.0,
                    0.0,
                    0.0,
                    1.0
                ]
            ]
        },
        {
            "file_path": "images/frame_00022.jpg",
            "pose_matrix_c2w": [
                [
                    0.8893734216690063,
                    0.2962002754211426,
                    -0.3482532203197479,
                    0.14478899538516998
                ],
                [
                    -0.31838616728782654,
                    -0.1453782320022583,
                    -0.9367472529411316,
                    -0.9187960624694824
                ],
                [
                    -0.3280932307243347,
                    0.9439971446990967,
                    -0.03498947620391846,
                    -2.2219791412353516
                ],
                [
                    0.0,
                    0.0,
                    0.0,
                    1.0
                ]
            ]
        },
        {
            "file_path": "images/frame_00044.jpg",
            "pose_matrix_c2w": [
                [
                    0.9385451674461365,
                    0.2230757623910904,
                    -0.2633821964263916,
                    0.43056607246398926
                ],
                [
                    -0.2773163616657257,
                    0.03304554149508476,
                    -0.9602102041244507,
                    -1.9506185054779053
                ],
                [
                    -0.20549601316452026,
                    0.9742408394813538,
                    0.09287729859352112,
                    -1.4263750314712524
                ],
                [
                    0.0,
                    0.0,
                    0.0,
                    1.0
                ]
            ]
        },
        {
            "file_path": "images/frame_00024.jpg",
            "pose_matrix_c2w": [
                [
                    0.9326545000076294,
                    0.23086881637573242,
                    -0.27722758054733276,
                    0.4864526689052582
                ],
                [
                    -0.25152450799942017,
                    -0.134774848818779,
                    -0.9584211707115173,
                    -0.9349567294120789
                ],
                [
                    -0.2586328685283661,
                    0.9636054039001465,
                    -0.06762921065092087,
                    -2.3432276248931885
                ],
                [
                    0.0,
                    0.0,
                    0.0,
                    1.0
                ]
            ]
        },
        {
            "file_path": "images/frame_00020.jpg",
            "pose_matrix_c2w": [
                [
                    0.8486345410346985,
                    0.348906934261322,
                    -0.39759698510169983,
                    -0.24964480102062225
                ],
                [
                    -0.36773180961608887,
                    -0.1511842906475067,
                    -0.9175601601600647,
                    -0.8399942517280579
                ],
                [
                    -0.38025352358818054,
                    0.9248822927474976,
                    3.967448265029816e-06,
                    -2.0151119232177734
                ],
                [
                    0.0,
                    0.0,
                    0.0,
                    1.0
                ]
            ]
        },
        {
            "file_path": "images/frame_00021.jpg",
            "pose_matrix_c2w": [
                [
                    0.8696128129959106,
                    0.32363346219062805,
                    -0.37287387251853943,
                    -0.028456363826990128
                ],
                [
                    -0.34310784935951233,
                    -0.14694300293922424,
                    -0.9277309775352478,
                    -0.9022039771080017
                ],
                [
                    -0.3550359904766083,
                    0.9347026944160461,
                    -0.016742343083024025,
                    -2.1570346355438232
                ],
                [
                    0.0,
                    0.0,
                    0.0,
                    1.0
                ]
            ]
        },
        {
            "file_path": "images/frame_00019.jpg",
            "pose_matrix_c2w": [
                [
                    0.8319137692451477,
                    0.36633333563804626,
                    -0.4167965352535248,
                    -0.4041864573955536
                ],
                [
                    -0.38729390501976013,
                    -0.15459269285202026,
                    -0.9089029431343079,
                    -0.7447787523269653
                ],
                [
                    -0.39739516377449036,
                    0.9175516366958618,
                    0.013270891271531582,
                    -1.9286448955535889
                ],
                [
                    0.0,
                    0.0,
                    0.0,
                    1.0
                ]
            ]
        },
        {
            "file_path": "images/frame_00045.jpg",
            "pose_matrix_c2w": [
                [
                    0.9216555953025818,
                    0.26325440406799316,
                    -0.2850404381752014,
                    0.20204755663871765
                ],
                [
                    -0.3048093914985657,
                    0.03667286038398743,
                    -0.9517070651054382,
                    -1.954053521156311
                ],
                [
                    -0.2400878220796585,
                    0.9640291333198547,
                    0.11404216289520264,
                    -1.3058655261993408
                ],
                [
                    0.0,
                    0.0,
                    0.0,
                    1.0
                ]
            ]
        },
        {
            "file_path": "images/frame_00095.jpg",
            "pose_matrix_c2w": [
                [
                    0.9536718130111694,
                    0.1968809813261032,
                    -0.22748172283172607,
                    -0.14328448474407196
                ],
                [
                    -0.21522386372089386,
                    -0.08185611665248871,
                    -0.973128080368042,
                    -1.8497309684753418
                ],
                [
                    -0.21021118760108948,
                    0.97700434923172,
                    -0.035690389573574066,
                    -1.7269926071166992
