{
    "camera_model": "OPENCV",
    "w": 1920,
    "h": 1080,
    "fl_x": 1094.000290501495,
    "fl_y": 1091.3075424013061,
    "frames": [
        {
            "file_path": "images/frame_00146.jpg",
            "pose_matrix_c2w": [
                [
                    0.8708393573760986,
                    -0.44757017493247986,
                    -0.20327253639698029,
                    -3.3948307037353516
                ],
                [
                    0.07814370840787888,
                    0.5343057513237,
                    -0.8416714668273926,
                    1.0181083679199219
                ],
                [
                    0.48531675338745117,
                    0.7170761823654175,
                    0.5002692937850952,
                    1.028726577758789
                ],
                [
                    0.0,
                    0.0,
                    0.0,
                    1.0
                ]
            ]
        },
        {
            "file_path": "images/frame_00145.jpg",
            "pose_matrix_c2w": [
                [
                    0.8717989325523376,
                    -0.4530864655971527,
                    -0.18622373044490814,
                    -3.487607002258301
                ],
                [
                    0.09339234977960587,
                    0.5269110202789307,
                    -0.8447737097740173,
                    0.9024795293807983
                ],
                [
                    0.48087888956069946,
                    0.719080924987793,
                    0.5016753077507019,
                    0.9320892095565796
                ],
                [
                    0.0,
                    0.0,
                    0.0,
                    1.0
                ]
            ]
        },
        {
            "file_path": "images/frame_00144.jpg",
            "pose_matrix_c2w": [
                [
                    0.8628629446029663,
                    -0.4747881293296814,
                    -0.17333149909973145,
                    -3.4647719860076904
                ],
                [
                    0.10568880289793015,
                    0.5048385858535767,
                    -0.8567192554473877,
                    0.7131518721580505
                ],
                [
                    0.49426454305648804,
                    0.7209120988845825,
                    0.4857863187789917,
                    0.7112061381340027
                ],
                [
                    0.0,
                    0.0,
                    0.0,
                    1.0
                ]
            ]
        },
        {
            "file_path": "images/frame_00143.jpg",
            "pose_matrix_c2w": [
                [
                    0.8398004770278931,
                    -0.5207557082176208,
                    -0.1534557193517685,
                    -3.4321534633636475
                ],
                [
                    0.12038101255893707,
                    0.45424774289131165,
                    -0.8827046155929565,
                    0.3004152774810791
                ],
                [
                    0.5293803811073303,
                    0.7228226065635681,
                    0.4441665709018707,
                    0.30829906463623047
                ],
                [
                    0.0,
                    0.0,
                    0.0,
                    1.0
                ]
            ]
        },
        {
            "file_path": "images/frame_00142.jpg",
            "pose_matrix_c2w": [
                [
                    0.8055188655853271,
                    -0.5782836675643921,
                    -0.12933434545993805,
                    -3.458853006362915
                ],
                [
                    0.1339169591665268,
                    0.39026638865470886,
                    -0.9109107255935669,
                    -0.09318283200263977
                ],
                [
                    0.5772396326065063,
                    0.7164357304573059,
                    0.3918089270591736,
                    0.02124747633934021
                ],
                [
                    0.0,
                    0.0,
                    0.0,
                    1.0
                ]
            ]
        },
        {
            "file_path": "images/frame_00141.jpg",
            "pose_matrix_c2w": [
                [
                    0.7598419785499573,
                    -0.6399391889572144,
                    -0.1145336776971817,
                    -3.4728121757507324
                ],
                [
                    0.12916606664657593,
                    0.32127127051353455,
                    -0.9381369352340698,
                    -0.5368328094482422
                ],
                [
                    0.6371470093727112,
                    0.6980419754981995,
                    0.32677382230758667,
                    -0.3732456862926483
                ],
                [
                    0.0,
                    0.0,
                    0.0,
                    1.0
                ]
            ]
        },
        {
            "file_path": "images/frame_00140.jpg",
            "pose_matrix_c2w": [
                [
                    0.7234962582588196,
                    -0.6800010204315186,
                    -0.11896105110645294,
                    -3.4201319217681885
                ],
                [
                    0.09999550133943558,
                    0.2737400233745575,
                    -0.9565914869308472,
                    -0.9827346801757812
                ],
                [
                    0.6830476522445679,
                    0.6801947951316833,
                    0.266046941280365,
                    -0.790371298789978
                ],
                [
                    0.0,
                    0.0,
                    0.0,
                    1.0
                ]
            ]
        },
        {
            "file_path": "images/frame_00139.jpg",
            "pose_matrix_c2w": [
                [
                    0.6877365708351135,
                    -0.7141996026039124,
                    -0.1301434487104416,
                    -3.2369229793548584
                ],
                [
                    0.051923930644989014,
                    0.22720472514629364,
                    -0.9724617600440979,
                    -1.3618792295455933
                ],
                [
                    0.7241010069847107,
                    0.6620399951934814,
                    0.19334104657173157,
                    -1.2103556394577026
                ],
                [
                    0.0,
                    0.0,
                    0.0,
                    1.0
                ]
            ]
        },
        {
            "file_path": "images/frame_00138.jpg",
            "pose_matrix_c2w": [
                [
                    0.6655109524726868,
                    -0.7340484857559204,
                    -0.135158970952034,
                    -3.0720620155334473
                ],
                [
                    0.008179772645235062,
                    0.18824602663516998,
                    -0.9820878505706787,
                    -1.6990671157836914
                ],
                [
                    0.7463432550430298,
                    0.652484655380249,
                    0.13128414750099182,
                    -1.4141794443130493
                ],
                [
                    0.0,
                    0.0,
                    0.0,
                    1.0
                ]
            ]
        },
        {
            "file_path": "images/frame_00137.jpg",
            "pose_matrix_c2w": [
                [
                    0.6492002606391907,
                    -0.752944827079773,
                    -0.10776438564062119,
                    -2.675617218017578
                ],
                [
                    0.007704743184149265,
                    0.14818264544010162,
                    -0.9889299869537354,
                    -1.9862676858901978
                ],
                [
                    0.7605785131454468,
                    0.6411833167076111,
                    0.10200145840644836,
                    -1.6507508754730225
                ],
                [
                    0.0,
                    0.0,
                    0.0,
                    1.0
                ]
            ]
        },
        {
            "file_path": "images/frame_00136.jpg",
            "pose_matrix_c2w": [
                [
                    0.6448763608932495,
                    -0.7620564103126526,
                    -0.05834793671965599,
                    -2.2551429271698
                ],
                [
                    0.03140176087617874,
                    0.10269680619239807,
                    -0.9942169189453125,
                    -2.2066287994384766
                ],
                [
                    0.7636415362358093,
                    0.6393147706985474,
                    0.0901566594839096,
                    -1.8682914972305298
                ],
                [
                    0.0,
                    0.0,
                    0.0,
                    1.0
                ]
            ]
        },
        {
            "file_path": "images/frame_00135.jpg",
            "pose_matrix_c2w": [
                [
                    0.6436754465103149,
                    -0.7651439905166626,
                    0.01538035087287426,
                    -1.872912883758545
                ],
                [
                    0.08062820136547089,
                    0.04781552776694298,
                    -0.995596706867218,
                    -2.4955244064331055
                ],
                [
                    0.7610394358634949,
                    0.6420812010765076,
                    0.09246986359357834,
                    -2.095796585083008
                ],
                [
                    0.0,
                    0.0,
                    0.0,
                    1.0
                ]
            ]
        },
        {
            "file_path": "images/frame_00134.jpg",
            "pose_matrix_c2w": [
                [
                    0.6460386514663696,
                    -0.7597739696502686,
                    0.07333206385374069,
                    -1.4901102781295776
                ],
                [
                    0.13731998205184937,
                    0.021181635558605194,
                    -0.9903002381324768,
                    -2.598741054534912
                ],
                [
                    0.750851035118103,
                    0.6498422026634216,
                    0.1180163025856018,
                    -2.215740442276001
                ],
                [
                    0.0,
                    0.0,
                    0.0,
                    1.0
                ]
            ]
        },
        {
            "file_path": "images/frame_00133.jpg",
            "pose_matrix_c2w": [
                [
                    0.6322125196456909,
                    -0.7627676129341125,
                    0.1359885334968567,
                    -1.04395592212677
                ],
                [
                    0.21960628032684326,
                    0.008093619719147682,
                    -0.9755550026893616,
                    -2.7176625728607178
                ],
                [
                    0.7430211305618286,
                    0.6466220617294312,
                    0.17262545228004456,
                    -2.2160184383392334
                ],
                [
                    0.0,
                    0.0,
                    0.0,
                    1.0
                ]
            ]
        },
        {
            "file_path": "images/frame_00132.jpg",
            "pose_matrix_c2w": [
                [
                    0.6082213521003723,
                    -0.7730790972709656,
                    0.18004322052001953,
                    -0.694652795791626
                ],
                [
                    0.2919260561466217,
                    0.006932632066309452,
                    -0.9564157724380493,
                    -2.9229888916015625
                ],
                [
                    0.7381368279457092,
                    0.6342718005180359,
                    0.22989849746227264,
                    -1.8091241121292114
                ],
                [
                    0.0,
                    0.0,
                    0.0,
                    1.0
                ]
            ]
        },
        {
            "file_path": "images/frame_00131.jpg",
            "pose_matrix_c2w": [
                [
                    0.5723877549171448,
                    -0.7876361012458801,
                    0.22803859412670135,
                    -0.3170567452907562
                ],
                [
                    0.3807854652404785,
                    0.009024504572153091,
                    -0.9246193766593933,
                    -3.1384103298187256
                ],
                [
                    0.7262057065963745,
                    0.6160745620727539,
                    0.3050858974456787,
                    -1.0877776145935059
                ],
                [
                    0.0,
                    0.0,
                    0.0,
                    1.0
                ]
            ]
        },
        {
            "file_path": "images/frame_00130.jpg",
            "pose_matrix_c2w": [
                [
                    0.5405278205871582,
                    -0.7976746559143066,
                    0.2674786448478699,
                    0.022466734051704407
                ],
                [
                    0.45391613245010376,
                    0.008813888765871525,
                    -0.8910008072853088,
                    -3.0804412364959717
                ],
                [
                    0.7083712220191956,
                    0.6030235886573792,
                    0.36684155464172363,
                    -0.6029675006866455
                ],
                [
                    0.0,
                    0.0,
                    0.0,
                    1.0
                ]
            ]
        },
        {
            "file_path": "images/frame_00129.jpg",
            "pose_matrix_c2w": [
                [
                    0.500062882900238,
                    -0.8049209713935852,
                    0.31943589448928833,
                    0.4838104844093323
                ],
                [
                    0.5171501040458679,
                    -0.018304144963622093,
                    -0.8556989431381226,
                    -2.9076719284057617
                ],
                [
                    0.6946170926094055,
                    0.5930995941162109,
                    0.4071117639541626,
                    -0.4736608862876892
                ],
                [
                    0.0,
                    0.0,
                    0.0,
                    1.0
                ]
            ]
        },
        {
            "file_path": "images/frame_00128.jpg",
            "pose_matrix_c2w": [
                [
                    0.45758676528930664,
                    -0.804469883441925,
                    0.37873807549476624,
                    0.8612930178642273
                ],
                [
                    0.5605683326721191,
                    -0.06963185966014862,
                    -0.8251754641532898,
                    -2.7639005184173584
                ],
                [
                    0.6902010440826416,
                    0.5898979306221008,
                    0.4190977215766907,
                    -0.45173147320747375
                ],
                [
                    0.0,
                    0.0,
                    0.0,
                    1.0
                ]
            ]
        },
        {
            "file_path": "images/frame_00059.jpg",
            "pose_matrix_c2w": [
                [
                    0.9818744659423828,
                    -0.15073257684707642,
                    0.114901103079319,
                    -0.5219498872756958
                ],
                [
                    0.114597849547863,
                    -0.010726140812039375,
                    -0.993354082107544,
                    -3.180367946624756
                ],
                [
                    0.15096326172351837,
                    0.9885163903236389,
                    0.006741904653608799,
                    -3.900925397872925
                ],
                [
                    0.0,
                    0.0,
                    0.0,
                    1.0
                ]
            ]
        },
        {
            "file_path": "images/frame_00058.jpg",
            "pose_matrix_c2w": [
                [
                    0.9931216239929199,
                    -0.09230836480855942,
                    0.07203204929828644,
                    -1.0000643730163574
                ],
                [
                    0.07291670888662338,
                    0.006242758594453335,
                    -0.9973185062408447,
                    -3.14923357963562
                ],
                [
                    0.09161116182804108,
                    0.9957109093666077,
                    0.012930640019476414,
                    -3.9598987102508545
                ],
                [
                    0.0,
                    0.0,
                    0.0,
                    1.0
                ]
            ]
        },
        {
            "file_path": "images/frame_00057.jpg",
            "pose_matrix_c2w": [
                [
                    0.9995619058609009,
                    -0.023122146725654602,
                    0.01847705990076065,
                    -1.5081844329833984
                ],
                [
                    0.018702078610658646,
                    0.009553663432598114,
                    -0.999779462814331,
                    -3.096961498260498
                ],
                [
                    0.02294052392244339,
                    0.9996870160102844,
                    0.009981909766793251,
                    -3.9684321880340576
                ],
                [
                    0.0,
                    0.0,
                    0.0,
                    1.0
                ]
            ]
        },
        {
            "file_path": "images/frame_00056.jpg",
            "pose_matrix_c2w": [
                [
                    0.9995408654212952,
                    0.024051900953054428,
                    -0.018428044393658638,
                    -1.828812837600708
                ],
                [
                    -0.0187726728618145,
                    0.014182250015437603,
                    -0.9997231960296631,
                    -3.0588955879211426
                ],
                [
                    -0.023783892393112183,
                    0.9996101260185242,
                    0.014627257362008095,
                    -3.841803789138794
                ],
                [
                    0.0,
                    0.0,
                    0.0,
                    1.0
                ]
            ]
        },
        {
            "file_path": "images/frame_00055.jpg",
            "pose_matrix_c2w": [
                [
                    0.9976621866226196,
                    0.05534717068076134,
                    -0.0400850847363472,
                    -2.064765691757202
                ],
                [
                    -0.04098786041140556,
                    0.015273050405085087,
                    -0.9990429282188416,
                    -3.028203010559082
                ],
                [
                    -0.05468197911977768,
                    0.9983503222465515,
                    0.017505908384919167,
                    -3.7928030490875244
                ],
                [
                    0.0,
                    0.0,
                    0.0,
                    1.0
                ]
            ]
        },
        {
            "file_path": "images/frame_00054.jpg",
            "pose_matrix_c2w": [
                [
                    0.9968763589859009,
                    0.06581153720617294,
                    -0.04366190731525421,
                    -2.353184700012207
                ],
                [
                    -0.044992439448833466,
                    0.018871912732720375,
                    -0.9988090395927429,
                    -3.0421690940856934
                ],
                [
                    -0.06490917503833771,
                    0.997653603553772,
                    0.021773986518383026,
                    -3.7821202278137207
                ],
                [
                    0.0,
                    0.0,
                    0.0,
                    1.0
                ]
            ]
        },
        {
            "file_path": "images/frame_00053.jpg",
            "pose_matrix_c2w": [
                [
                    0.9968000650405884,
                    0.06586052477359772,
                    -0.04529881849884987,
                    -2.519519090652466
                ],
                [
                    -0.04650340974330902,
                    0.016872702166438103,
                    -0.9987756013870239,
                    -3.009209156036377
                ],
                [
                    -0.06501557677984238,
                    0.9976861476898193,
                    0.01988144963979721,
                    -3.823502779006958
                ],
                [
                    0.0,
                    0.0,
                    0.0,
                    1.0
                ]
            ]
        },
        {
            "file_path": "images/frame_00052.jpg",
            "pose_matrix_c2w": [
                [
                    0.9972731471061707,
                    0.05956839397549629,
                    -0.04356485232710838,
                    -2.5150811672210693
                ],
                [
                    -0.04469607025384903,
                    0.01779094524681568,
                    -0.998842179775238,
                    -3.0401175022125244
                ],
                [
                    -0.05872436612844467,
                    0.9980656504631042,
                    0.02040490321815014,
                    -3.7246108055114746
                ],
                [
                    0.0,
                    0.0,
                    0.0,
                    1.0
                ]
            ]
        },
        {
            "file_path": "images/frame_00051.jpg",
            "pose_matrix_c2w": [
                [
                    0.9985885620117188,
                    0.04057411104440689,
                    -0.03427240252494812,
                    -2.4474942684173584
                ],
                [
                    -0.03515321761369705,
                    0.02119792252779007,
                    -0.9991570711135864,
                    -3.0907301902770996
                ],
                [
                    -0.03981340676546097,
                    0.9989516735076904,
                    0.022594312205910683,
                    -3.5896544456481934
                ],
                [
                    0.0,
                    0.0,
                    0.0,
                    1.0
                ]
            ]
        },
        {
            "file_path": "images/frame_00050.jpg",
            "pose_matrix_c2w": [
                [
                    0.9995952844619751,
                    0.020679926499724388,
                    -0.019535109400749207,
                    -2.2218475341796875
                ],
                [
                    -0.02004227042198181,
                    0.024607961997389793,
                    -0.9994962215423584,
                    -3.1290345191955566
                ],
                [
                    -0.020188789814710617,
                    0.9994832873344421,
                    0.02501247450709343,
                    -3.6175425052642822
                ],
                [
                    0.0,
                    0.0,
                    0.0,
                    1.0
                ]
            ]
        },
        {
            "file_path": "images/frame_00049.jpg",
            "pose_matrix_c2w": [
                [
                    0.999988853931427,
                    -0.004711305722594261,
                    -0.0003575293521862477,
                    -2.123084545135498
                ],
                [
                    -0.00019600459199864417,
                    0.034240465611219406,
                    -0.9994136095046997,
                    -3.133063793182373
                ],
                [
                    0.0047207847237586975,
                    0.9994025230407715,
                    0.034239161759614944,
                    -3.488255739212036
                ],
                [
                    0.0,
                    0.0,
                    0.0,
                    1.0
                ]
            ]
        },
        {
            "file_path": "images/frame_00048.jpg",
            "pose_matrix_c2w": [
                [
                    0.9996458888053894,
                    -0.023564012721180916,
                    0.012364329770207405,
                    -1.9506642818450928
                ],
                [
                    0.013491773046553135,
                    0.04830353334546089,
                    -0.9987415671348572,
                    -3.0466222763061523
                ],
                [
                    0.022937119007110596,
                    0.9985547065734863,
                    0.04860434681177139,
                    -3.439082384109497
                ],
                [
                    0.0,
                    0.0,
                    0.0,
                    1.0
                ]
            ]
        },
        {
            "file_path": "images/frame_00047.jpg",
            "pose_matrix_c2w": [
                [
                    0.999087929725647,
                    -0.03758833929896355,
                    0.020258460193872452,
                    -1.652897596359253
                ],
                [
                    0.02274872548878193,
                    0.06705173850059509,
                    -0.9974901080131531,
                    -3.10722279548645
                ],
                [
                    0.03613562881946564,
                    0.9970412254333496,
                    0.0678456723690033,
                    -3.5816361904144287
                ],
                [
                    0.0,
                    0.0,
                    0.0,
                    1.0
                ]
            ]
        },
        {
            "file_path": "images/frame_00046.jpg",
            "pose_matrix_c2w": [
                [
                    0.9979555010795593,
                    -0.05919311195611954,
                    0.024103952571749687,
                    -1.4561108350753784
                ],
                [
                    0.029463542625308037,
                    0.09140881896018982,
                    -0.9953774809837341,
                    -2.9693381786346436
                ],
                [
                    0.056716177612543106,
                    0.9940525889396667,
                    0.09296596795320511,
                    -3.508782386779785
                ],
                [
                    0.0,
                    0.0,
                    0.0,
                    1.0
                ]
            ]
        },
        {
            "file_path": "images/frame_00045.jpg",
            "pose_matrix_c2w": [
                [
                    0.996871292591095,
                    -0.07354389876127243,
                    0.028963690623641014,
                    -1.2586489915847778
                ],
                [
                    0.0371171273291111,
                    0.11203859001398087,
                    -0.993010401725769,
                    -2.9803760051727295
                ],
                [
                    0.06978480517864227,
                    0.9909786581993103,
                    0.11441779136657715,
                    -3.4910335540771484
                ],
                [
                    0.0,
                    0.0,
                    0.0,
                    1.0
                ]
            ]
        },
        {
            "file_path": "images/frame_00044.jpg",
            "pose_matrix_c2w": [
                [
                    0.9930477738380432,
                    -0.10498719662427902,
                    0.05323316901922226,
                    -1.1103469133377075
                ],
                [
                    0.06827028095722198,
                    0.1452825665473938,
                    -0.9870319962501526,
                    -2.910344362258911
                ],
                [
                    0.09589187055826187,
                    0.9838041663169861,
                    0.15144003927707672,
                    -3.5473270416259766
                ],
                [
                    0.0,
                    0.0,
                    0.0,
                    1.0
                ]
            ]
        },
        {
            "file_path": "images/frame_00043.jpg",
            "pose_matrix_c2w": [
                [
                    0.9843057990074158,
                    -0.1505160927772522,
                    0.09212470799684525,
                    -1.0261956453323364
                ],
                [
                    0.11405092477798462,
                    0.1442161202430725,
                    -0.9829517006874084,
                    -2.782958507537842
                ],
                [
                    0.13466417789459229,
                    0.9780319929122925,
                    0.15911926329135895,
                    -3.615016222000122
                ],
                [
                    0.0,
                    0.0,
                    0.0,
                    1.0
                ]
            ]
        },
        {
            "file_path": "images/frame_00042.jpg",
            "pose_matrix_c2w": [
                [
                    0.9635664820671082,
                    -0.21736100316047668,
                    0.15586477518081665,
                    -0.8201091289520264
                ],
                [
                    0.1905212551355362,
                    0.14877265691757202,
                    -0.9703444242477417,
                    -2.7141127586364746
                ],
                [
                    0.18772661685943604,
                    0.964686930179596,
                    0.18476423621177673,
                    -3.4925103187561035
                ],
                [
                    0.0,
                    0.0,
                    0.0,
                    1.0
                ]
            ]
        },
        {
            "file_path": "images/frame_00041.jpg",
            "pose_matrix_c2w": [
                [
                    0.9384446740150452,
                    -0.2832815945148468,
                    0.1976691633462906,
                    -0.4375636577606201
                ],
                [
                    0.2454775720834732,
                    0.144313782453537,
                    -0.9586001634597778,
                    -2.7205677032470703
                ],
                [
                    0.24302738904953003,
                    0.9481166005134583,
                    0.20496977865695953,
                    -3.1672024726867676
                ],
                [
                    0.0,
                    0.0,
                    0.0,
                    1.0
                ]
            ]
        },
        {
            "file_path": "images/frame_00040.jpg",
            "pose_matrix_c2w": [
                [
                    0.8893437385559082,
                    -0.3729550242424011,
                    0.2645227909088135,
                    -0.11084583401679993
                ],
                [
                    0.33306407928466797,
                    0.13204438984394073,
                    -0.9336126446723938,
                    -2.6713011264801025
                ],
                [
                    0.313266783952713,
                    0.9184055924415588,
                    0.2416507601737976,
                    -2.741926908493042
                ],
                [
                    0.0,
                    0.0,
                    0.0,
                    1.0
                ]
            ]
        },
        {
            "file_path": "images/frame_00039.jpg",
            "pose_matrix_c2w": [
                [
                    0.8421764373779297,
                    -0.43948894739151,
                    0.3123913109302521,
                    0.14516213536262512
                ],
                [
                    0.3945346176624298,
                    0.10735934972763062,
                    -0.9125877618789673,
                    -2.4015116691589355
                ],
                [
                    0.3675341010093689,
                    0.8918090462684631,
                    0.26380911469459534,
                    -2.4056081771850586
                ],
                [
                    0.0,
                    0.0,
                    0.0,
                    1.0
                ]
            ]
        },
        {
            "file_path": "images/frame_00038.jpg",
            "pose_matrix_c2w": [
                [
                    0.7770042419433594,
                    -0.5097789764404297,
                    0.36930984258651733,
                    0.4456179738044739
                ],
                [
                    0.46879610419273376,
                    0.07706627249717712,
                    -0.8799380660057068,
                    -2.0064737796783447
                ],
                [
                    0.42011260986328125,
                    0.8568466305732727,
                    0.2988632321357727,
                    -2.0442137718200684
                ],
                [
                    0.0,
                    0.0,
                    0.0,
                    1.0
                ]
            ]
        },
        {
            "file_path": "images/frame_00037.jpg",
            "pose_matrix_c2w": [
                [
                    0.7267913222312927,
                    -0.5508065223693848,
                    0.4103492796421051,
                    0.7260535359382629
                ],
                [
                    0.5237629413604736,
                    0.05794057995080948,
                    -0.8498913645744324,
                    -1.7060902118682861
                ],
                [
                    0.44434982538223267,
                    0.8326193690299988,
                    0.3306027352809906,
                    -1.6994659900665283
                ],
                [
                    0.0,
                    0.0,
                    0.0,
                    1.0
                ]
            ]
        },
        {
            "file_path": "images/frame_00036.jpg",
            "pose_matrix_c2w": [
                [
                    0.6959722638130188,
                    -0.5640327334403992,
                    0.4443981349468231,
                    1.0597548484802246
                ],
                [
                    0.5523005723953247,
                    0.02496618591248989,
                    -0.8332711458206177,
                    -1.50148344039917
                ],
                [
                    0.45889726281166077,
                    0.8253749012947083,
                    0.3288913667201996,
                    -1.6934680938720703
                ],
                [
                    0.0,
                    0.0,
                    0.0,
                    1.0
                ]
            ]
        },
        {
            "file_path": "images/frame_00035.jpg",
            "pose_matrix_c2w": [
                [
                    0.6826891899108887,
                    -0.5627753138542175,
                    0.46606799960136414,
                    1.368482232093811
                ],
                [
                    0.5583521723747253,
                    -0.009674545377492905,
                    -0.8295475840568542,
                    -1.5463933944702148
                ],
                [
                    0.47135791182518005,
                    0.8265532851219177,
                    0.30762210488319397,
                    -1.8258813619613647
                ],
                [
                    0.0,
                    0.0,
                    0.0,
                    1.0
                ]
            ]
        },
        {
            "file_path": "images/frame_00034.jpg",
            "pose_matrix_c2w": [
                [
                    0.660402774810791,
                    -0.5624641180038452,
                    0.4974960684776306,
                    1.733667254447937
                ],
                [
                    0.5627455115318298,
                    -0.06794240325689316,
                    -0.8238333463668823,
                    -1.7479233741760254
                ],
                [
                    0.49717774987220764,
                    0.8240254521369934,
                    0.27165478467941284,
                    -1.991532564163208
                ],
                [
                    0.0,
                    0.0,
                    0.0,
                    1.0
                ]
            ]
        },
        {
            "file_path": "images/frame_00033.jpg",
            "pose_matrix_c2w": [
                [
                    0.6047750115394592,
                    -0.5819949507713318,
                    0.5436258316040039,
                    1.9562588930130005
                ],
                [
                    0.5814096331596375,
                    -0.14383524656295776,
                    -0.8007960319519043,
                    -1.5710810422897339
                ],
                [
                    0.5442517995834351,
                    0.8003706932067871,
                    0.2513895332813263,
                    -1.8609861135482788
                ],
                [
                    0.0,
                    0.0,
                    0.0,
                    1.0
                ]
            ]
        },
        {
            "file_path": "images/frame_00032.jpg",
            "pose_matrix_c2w": [
                [
                    0.5106838345527649,
                    -0.6172513365745544,
                    0.5985004901885986,
                    2.1305363178253174
                ],
                [
                    0.5981286764144897,
                    -0.2449919730424881,
                    -0.7630341053009033,
                    -1.1817879676818848
                ],
                [
                    0.6176116466522217,
                    0.7476494312286377,
                    0.24408230185508728,
                    -1.7098299264907837
                ],
                [
