{
    "camera_model": "OPENCV",
    "frames": [
        {
            "file_path": "images/frame_00186.jpg",
            "pose_matrix_c2w": [
                [
                    0.9988409280776978,
                    0.03544338047504425,
                    -0.03256696090102196,
                    -0.30906274914741516
                ],
                [
                    -0.02423081174492836,
                    -0.21435466408729553,
                    -0.9764552712440491,
                    -2.126410722732544
                ],
                [
                    -0.041589755564928055,
                    0.9761126041412354,
                    -0.2132473737001419,
                    -2.905447483062744
                ],
                [
                    0.0,
                    0.0,
                    0.0,
                    1.0
                ]
            ]
        },
        {
            "file_path": "images/frame_00185.jpg",
            "pose_matrix_c2w": [
                [
                    0.9989179968833923,
                    0.03467560559511185,
                    -0.030991291627287865,
                    -0.33270329236984253
                ],
                [
                    -0.023056069388985634,
                    -0.20948708057403564,
                    -0.9775395393371582,
                    -2.1302199363708496
                ],
                [
                    -0.0403890497982502,
                    0.9771963953971863,
                    -0.20846092700958252,
                    -2.907304286956787
                ],
                [
                    0.0,
                    0.0,
                    0.0,
                    1.0
                ]
            ]
        },
        {
            "file_path": "images/frame_00184.jpg",
            "pose_matrix_c2w": [
                [
                    0.9991331696510315,
                    0.03282947093248367,
                    -0.025594523176550865,
                    -0.26836803555488586
                ],
                [
                    -0.01872730441391468,
                    -0.1946253478527069,
                    -0.9806988835334778,
                    -2.203897476196289
                ],
                [
                    -0.03717716783285141,
                    0.9803280830383301,
                    -0.1938418298959732,
                    -2.8429269790649414
                ],
                [
                    0.0,
                    0.0,
                    0.0,
                    1.0
                ]
            ]
        },
        {
            "file_path": "images/frame_00183.jpg",
            "pose_matrix_c2w": [
                [
                    0.9993686676025391,
                    0.03241722658276558,
                    -0.014538216404616833,
                    -0.08632194250822067
                ],
                [
                    -0.008556032553315163,
                    -0.17756083607673645,
                    -0.9840726256370544,
                    -2.2638375759124756
                ],
                [
                    -0.03448232635855675,
                    0.9835757613182068,
                    -0.17717137932777405,
                    -2.718369960784912
                ],
                [
                    0.0,
                    0.0,
                    0.0,
                    1.0
                ]
            ]
        },
        {
            "file_path": "images/frame_00182.jpg",
            "pose_matrix_c2w": [
                [
                    0.9992914199829102,
                    0.037637900561094284,
                    -0.0002998780691996217,
                    0.1686478704214096
                ],
                [
                    0.005422459915280342,
                    -0.15184199810028076,
                    -0.9883899092674255,
                    -2.256093978881836
                ],
                [
                    -0.0372464545071125,
                    0.987687885761261,
                    -0.15193849802017212,
                    -2.618124485015869
                ],
                [
                    0.0,
                    0.0,
                    0.0,
                    1.0
                ]
            ]
        },
        {
            "file_path": "images/frame_00181.jpg",
            "pose_matrix_c2w": [
                [
                    0.9988282322883606,
                    0.04824123904109001,
                    0.003858761629089713,
                    0.42086607217788696
                ],
                [
                    0.009735590778291225,
                    -0.12218840420246124,
                    -0.9924591779708862,
                    -2.1881394386291504
                ],
                [
                    -0.04740596190094948,
                    0.9913338422775269,
                    -0.12251488864421844,
                    -2.5580785274505615
                ],
                [
                    0.0,
                    0.0,
                    0.0,
                    1.0
                ]
            ]
        },
        {
            "file_path": "images/frame_00180.jpg",
            "pose_matrix_c2w": [
                [
                    0.9978451132774353,
                    0.06556978076696396,
                    -0.0023825473617762327,
                    0.5950566530227661
                ],
                [
                    0.0027953225653618574,
                    -0.07876243442296982,
                    -0.9968894720077515,
                    -2.16477370262146
                ],
                [
                    -0.06555347889661789,
                    0.9947347044944763,
                    -0.07877600193023682,
                    -2.3742337226867676
                ],
                [
                    0.0,
                    0.0,
                    0.0,
                    1.0
                ]
            ]
        },
        {
            "file_path": "images/frame_00179.jpg",
            "pose_matrix_c2w": [
                [
                    0.9965890049934387,
                    0.08151056617498398,
                    -0.012897037900984287,
                    0.6502582430839539
                ],
                [
                    -0.010153156705200672,
                    -0.033988192677497864,
                    -0.9993706345558167,
                    -2.0637238025665283
                ],
                [
                    -0.08189761638641357,
                    0.9960927963256836,
                    -0.03304466977715492,
                    -2.313058376312256
                ],
                [
                    0.0,
                    0.0,
                    0.0,
                    1.0
                ]
            ]
        },
        {
            "file_path": "images/frame_00178.jpg",
            "pose_matrix_c2w": [
                [
                    0.9943307638168335,
                    0.10355103015899658,
                    -0.024156006053090096,
                    0.6874534487724304
                ],
                [
                    -0.028098853304982185,
                    0.03678807616233826,
                    -0.9989279508590698,
                    -2.023916482925415
                ],
                [
                    -0.10255137085914612,
                    0.9939435720443726,
                    0.03948918357491493,
                    -2.0988211631774902
                ],
                [
                    0.0,
                    0.0,
                    0.0,
                    1.0
                ]
            ]
        },
        {
            "file_path": "images/frame_00177.jpg",
            "pose_matrix_c2w": [
                [
                    0.9908639788627625,
                    0.12914595007896423,
                    -0.03885726258158684,
                    0.5801140666007996
                ],
                [
                    -0.053607676178216934,
                    0.1127777174115181,
                    -0.9921730756759644,
                    -2.0415403842926025
                ],
                [
                    -0.1237529069185257,
                    0.9851915836334229,
                    0.11867059767246246,
                    -1.7580593824386597
                ],
                [
                    0.0,
                    0.0,
                    0.0,
                    1.0
                ]
            ]
        },
        {
            "file_path": "images/frame_00176.jpg",
            "pose_matrix_c2w": [
                [
                    0.9860015511512756,
                    0.16203255951404572,
                    -0.039324913173913956,
                    0.348649263381958
                ],
                [
                    -0.07464532554149628,
                    0.21806937456130981,
                    -0.9730744361877441,
                    -2.1202828884124756
                ],
                [
                    -0.14909417927265167,
                    0.962388277053833,
                    0.22711171209812164,
                    -1.0540732145309448
                ],
                [
                    0.0,
                    0.0,
                    0.0,
                    1.0
                ]
            ]
        },
        {
            "file_path": "images/frame_00175.jpg",
            "pose_matrix_c2w": [
                [
                    0.9844275116920471,
                    0.1689378172159195,
                    -0.04860590770840645,
                    0.09089495241641998
                ],
                [
                    -0.09740568697452545,
                    0.29403382539749146,
                    -0.9508187174797058,
                    -2.0627024173736572
                ],
                [
                    -0.14633744955062866,
                    0.9407466053962708,
                    0.30591049790382385,
                    -0.34933602809906006
                ],
                [
                    0.0,
                    0.0,
                    0.0,
                    1.0
                ]
            ]
        },
        {
            "file_path": "images/frame_00174.jpg",
            "pose_matrix_c2w": [
                [
                    0.9847426414489746,
                    0.16640210151672363,
                    -0.050914522260427475,
                    -0.15054209530353546
                ],
                [
                    -0.11520174145698547,
                    0.4040968120098114,
                    -0.9074327945709229,
                    -1.8563014268875122
                ],
                [
                    -0.13042433559894562,
                    0.8994532227516174,
                    0.4171011745929718,
                    0.2636876106262207
                ],
                [
                    0.0,
                    0.0,
                    0.0,
                    1.0
                ]
            ]
        },
        {
            "file_path": "images/frame_00173.jpg",
            "pose_matrix_c2w": [
                [
                    0.9878844022750854,
                    0.14538218080997467,
                    -0.05429889261722565,
                    -0.4822549819946289
                ],
                [
                    -0.12203540652990341,
                    0.5115771293640137,
                    -0.8505270481109619,
                    -1.6599482297897339
                ],
                [
                    -0.0958734080195427,
                    0.8468487858772278,
                    0.5231208205223083,
                    0.8305542469024658
                ],
                [
                    0.0,
                    0.0,
                    0.0,
                    1.0
                ]
            ]
        },
        {
            "file_path": "images/frame_00172.jpg",
            "pose_matrix_c2w": [
                [
                    0.9920364022254944,
                    0.09127983450889587,
                    -0.08678580075502396,
                    -0.913632869720459
                ],
                [
                    -0.12486709654331207,
                    0.622536838054657,
                    -0.7725645899772644,
                    -1.3439664840698242
                ],
                [
                    -0.0164922047406435,
                    0.7772489190101624,
                    0.6289770603179932,
                    1.2921581268310547
                ],
                [
                    0.0,
                    0.0,
                    0.0,
                    1.0
                ]
            ]
        },
        {
            "file_path": "images/frame_00171.jpg",
            "pose_matrix_c2w": [
                [
                    0.9909571409225464,
                    0.03477400913834572,
                    -0.12959463894367218,
                    -1.2531720399856567
                ],
                [
                    -0.1150858923792839,
                    0.7168509364128113,
                    -0.6876627206802368,
                    -0.8547680377960205
                ],
                [
                    0.06898725032806396,
                    0.6963587403297424,
                    0.7143705487251282,
                    1.5906392335891724
                ],
                [
                    0.0,
                    0.0,
                    0.0,
                    1.0
                ]
            ]
        },
        {
            "file_path": "images/frame_00170.jpg",
            "pose_matrix_c2w": [
                [
                    0.978729784488678,
                    -0.028767816722393036,
                    -0.20312663912773132,
                    -1.8320508003234863
                ],
                [
                    -0.09751526266336441,
                    0.8058803081512451,
                    -0.5839928388595581,
                    -0.11530036479234695
                ],
                [
                    0.1804959625005722,
                    0.5913791656494141,
                    0.785933792591095,
                    1.7737845182418823
                ],
                [
                    0.0,
                    0.0,
                    0.0,
                    1.0
                ]
            ]
        },
        {
            "file_path": "images/frame_00169.jpg",
            "pose_matrix_c2w": [
                [
                    0.9641299247741699,
                    -0.06346966326236725,
                    -0.25773072242736816,
                    -2.256718873977661
                ],
                [
                    -0.0706515982747078,
                    0.8745958209037781,
                    -0.4796774983406067,
                    0.5104418396949768
                ],
                [
                    0.25585517287254333,
                    0.48068052530288696,
                    0.8387397527694702,
                    2.0846164226531982
                ],
                [
                    0.0,
                    0.0,
                    0.0,
                    1.0
                ]
            ]
        },
        {
            "file_path": "images/frame_00168.jpg",
            "pose_matrix_c2w": [
                [
                    0.9510731101036072,
                    -0.07769425213336945,
                    -0.29903775453567505,
                    -2.5758845806121826
                ],
                [
                    -0.03955800458788872,
                    0.9292798638343811,
                    -0.3672521412372589,
                    1.3058713674545288
                ],
                [
                    0.3064231276512146,
                    0.3611129820346832,
                    0.8807396292686462,
                    2.238415479660034
                ],
                [
                    0.0,
                    0.0,
                    0.0,
                    1.0
                ]
            ]
        },
        {
            "file_path": "images/frame_00167.jpg",
            "pose_matrix_c2w": [
                [
                    0.9499794840812683,
                    -0.08395422995090485,
                    -0.30081671476364136,
                    -2.708935022354126
                ],
                [
                    -0.0019281931454315782,
                    0.9615968465805054,
                    -0.27445903420448303,
                    1.8908580541610718
                ],
                [
                    0.31230640411376953,
                    0.26131048798561096,
                    0.913335382938385,
                    2.336601972579956
                ],
                [
                    0.0,
                    0.0,
                    0.0,
                    1.0
                ]
            ]
        },
        {
            "file_path": "images/frame_00166.jpg",
            "pose_matrix_c2w": [
                [
                    0.958629846572876,
                    -0.0803491547703743,
                    -0.27308037877082825,
                    -2.670973062515259
                ],
                [
                    0.02687281183898449,
                    0.980596125125885,
                    -0.1941882222890854,
                    2.2986671924591064
                ],
                [
                    0.28338441252708435,
                    0.17881618440151215,
                    0.9421879053115845,
                    2.3133902549743652
                ],
                [
                    0.0,
                    0.0,
                    0.0,
                    1.0
                ]
            ]
        },
        {
            "file_path": "images/frame_00165.jpg",
            "pose_matrix_c2w": [
                [
                    0.9661172032356262,
                    -0.07348988205194473,
                    -0.24742035567760468,
                    -2.3937175273895264
                ],
                [
                    0.03618117421865463,
                    0.9877036809921265,
                    -0.1520932912826538,
                    2.3567934036254883
                ],
                [
                    0.25555530190467834,
                    0.13798798620700836,
                    0.9568964242935181,
                    2.118049383163452
                ],
                [
                    0.0,
                    0.0,
                    0.0,
                    1.0
                ]
            ]
        },
        {
            "file_path": "images/frame_00164.jpg",
            "pose_matrix_c2w": [
                [
                    0.9720942974090576,
                    -0.05850918963551521,
                    -0.2271769940853119,
                    -2.186225175857544
                ],
                [
                    0.031386684626340866,
                    0.9921296238899231,
                    -0.1212177500128746,
                    2.3639297485351562
                ],
                [
                    0.23248137533664703,
                    0.11070474237203598,
                    0.966279923915863,
                    2.088463306427002
                ],
                [
                    0.0,
                    0.0,
                    0.0,
                    1.0
                ]
            ]
        },
        {
            "file_path": "images/frame_00163.jpg",
            "pose_matrix_c2w": [
                [
                    0.976026177406311,
                    -0.04421817138791084,
                    -0.21311429142951965,
                    -2.069092273712158
                ],
                [
                    0.023840853944420815,
                    0.9949738383293152,
                    -0.09725590795278549,
                    2.4400293827056885
                ],
                [
                    0.21634362637996674,
                    0.08984348177909851,
                    0.9721746444702148,
                    2.086181640625
                ],
                [
                    0.0,
                    0.0,
                    0.0,
                    1.0
                ]
            ]
        },
        {
            "file_path": "images/frame_00162.jpg",
            "pose_matrix_c2w": [
                [
                    0.980208158493042,
                    -0.02604849636554718,
                    -0.19624830782413483,
                    -1.8365610837936401
                ],
                [
                    0.01180257834494114,
                    0.9972317218780518,
                    -0.073414146900177,
                    2.553687572479248
                ],
                [
                    0.19761736690998077,
                    0.06964491307735443,
                    0.9778020977973938,
                    2.0266427993774414
                ],
                [
                    0.0,
                    0.0,
                    0.0,
                    1.0
                ]
            ]
        },
        {
            "file_path": "images/frame_00161.jpg",
            "pose_matrix_c2w": [
                [
                    0.9839789271354675,
                    -0.006790167186409235,
                    -0.1781553030014038,
                    -1.6491248607635498
                ],
                [
                    -0.0021198249887675047,
                    0.9987582564353943,
                    -0.049774542450904846,
                    2.7702138423919678
                ],
                [
                    0.1782720535993576,
                    0.049354758113622665,
                    0.9827426671981812,
                    1.8827298879623413
                ],
                [
                    0.0,
                    0.0,
                    0.0,
                    1.0
                ]
            ]
        },
        {
            "file_path": "images/frame_00160.jpg",
            "pose_matrix_c2w": [
                [
                    0.9876013398170471,
                    0.024387875571846962,
                    -0.15507693588733673,
                    -1.3831236362457275
                ],
                [
                    -0.02975732833147049,
                    0.9990319609642029,
                    -0.03239752724766731,
                    2.999753952026367
                ],
                [
                    0.15413671731948853,
                    0.03661051392555237,
                    0.987371027469635,
                    1.7977664470672607
                ],
                [
                    0.0,
                    0.0,
                    0.0,
                    1.0
                ]
            ]
        },
        {
            "file_path": "images/frame_00159.jpg",
            "pose_matrix_c2w": [
                [
                    0.9895766973495483,
                    0.05935044586658478,
                    -0.131207674741745,
                    -1.1809611320495605
                ],
                [
                    -0.06267181783914566,
                    0.9978063106536865,
                    -0.021327462047338486,
                    3.130192995071411
                ],
                [
                    0.12965404987335205,
                    0.029328182339668274,
                    0.9911254644393921,
                    1.908460021018982
                ],
                [
                    0.0,
                    0.0,
                    0.0,
                    1.0
                ]
            ]
        },
        {
            "file_path": "images/frame_00158.jpg",
            "pose_matrix_c2w": [
                [
                    0.989875316619873,
                    0.10419140756130219,
                    -0.09638959169387817,
                    -0.9063965082168579
                ],
                [
                    -0.10559657961130142,
                    0.9943628907203674,
                    -0.009579706005752087,
                    3.2912654876708984
                ],
                [
                    0.09484811127185822,
                    0.019661126658320427,
                    0.9952976107597351,
                    2.1020045280456543
                ],
                [
                    0.0,
                    0.0,
                    0.0,
                    1.0
                ]
            ]
        },
        {
            "file_path": "images/frame_00157.jpg",
            "pose_matrix_c2w": [
                [
                    0.9877063632011414,
                    0.14253975450992584,
                    -0.06417620182037354,
                    -0.6790032386779785
                ],
                [
                    -0.14273782074451447,
                    0.9897593855857849,
                    0.001511565176770091,
                    3.442716598510742
                ],
                [
                    0.06373445689678192,
                    0.007667388767004013,
                    0.9979374408721924,
                    2.148634672164917
                ],
                [
                    0.0,
                    0.0,
                    0.0,
                    1.0
                ]
            ]
        },
        {
            "file_path": "images/frame_00156.jpg",
            "pose_matrix_c2w": [
                [
                    0.9836035966873169,
                    0.17725689709186554,
                    -0.03322548046708107,
                    -0.3635547161102295
                ],
                [
                    -0.1767977476119995,
                    0.9841121435165405,
                    0.01630518212914467,
                    3.454411029815674
                ],
                [
                    0.03558780625462532,
                    -0.010163646191358566,
                    0.9993148446083069,
                    2.303297281265259
                ],
                [
                    0.0,
                    0.0,
                    0.0,
                    1.0
                ]
            ]
        },
        {
            "file_path": "images/frame_00155.jpg",
            "pose_matrix_c2w": [
                [
                    0.9804621338844299,
                    0.19470112025737762,
                    -0.028025390580296516,
                    -0.20528315007686615
                ],
                [
                    -0.1938406527042389,
                    0.9805517196655273,
                    0.03072582371532917,
                    3.4830167293548584
                ],
                [
                    0.03346269950270653,
                    -0.024693047627806664,
                    0.99913489818573,
                    2.3098888397216797
                ],
                [
                    0.0,
                    0.0,
                    0.0,
                    1.0
                ]
            ]
        },
        {
            "file_path": "images/frame_00154.jpg",
            "pose_matrix_c2w": [
                [
                    0.9778749346733093,
                    0.2072584331035614,
                    -0.02836444228887558,
                    -0.28972283005714417
                ],
                [
                    -0.20578615367412567,
                    0.9774397015571594,
                    0.04757767170667648,
                    3.4786465167999268
                ],
                [
                    0.03758540749549866,
                    -0.04068800434470177,
                    0.9984647035598755,
                    2.3874049186706543
                ],
                [
                    0.0,
                    0.0,
                    0.0,
                    1.0
                ]
            ]
        },
        {
            "file_path": "images/frame_00153.jpg",
            "pose_matrix_c2w": [
                [
                    0.9743597507476807,
                    0.22316379845142365,
                    -0.028652286157011986,
                    -0.3452439606189728
                ],
                [
                    -0.22138457000255585,
                    0.9736400246620178,
                    0.05489930883049965,
                    3.502495288848877
                ],
                [
                    0.040148552507162094,
                    -0.04714850336313248,
                    0.9980807304382324,
                    2.5055503845214844
                ],
                [
                    0.0,
                    0.0,
                    0.0,
                    1.0
                ]
            ]
        },
        {
            "file_path": "images/frame_00152.jpg",
            "pose_matrix_c2w": [
                [
                    0.9682628512382507,
                    0.2481193095445633,
                    -0.030064506456255913,
                    -0.46406516432762146
                ],
                [
                    -0.24700653553009033,
                    0.9683301448822021,
                    0.03639352694153786,
                    3.3850698471069336
                ],
                [
                    0.03814230486750603,
                    -0.027812371030449867,
                    0.9988852143287659,
                    2.56498384475708
                ],
                [
                    0.0,
                    0.0,
                    0.0,
                    1.0
                ]
            ]
        },
        {
            "file_path": "images/frame_00151.jpg",
            "pose_matrix_c2w": [
                [
                    0.9596205949783325,
                    0.2791294455528259,
                    -0.034858062863349915,
                    -0.5567008256912231
                ],
                [
                    -0.279888391494751,
                    0.9598421454429626,
                    -0.01911984197795391,
                    3.2213916778564453
                ],
                [
                    0.028121327981352806,
                    0.028104161843657494,
                    0.9992093443870544,
                    2.5571177005767822
                ],
                [
                    0.0,
                    0.0,
                    0.0,
                    1.0
                ]
            ]
        },
        {
            "file_path": "images/frame_00150.jpg",
            "pose_matrix_c2w": [
                [
                    0.943020761013031,
                    0.3277761936187744,
                    -0.057224154472351074,
                    -0.5028061866760254
                ],
                [
                    -0.33242180943489075,
                    0.9355454444885254,
                    -0.11937538534402847,
                    2.8913092613220215
                ],
                [
                    0.01440738420933485,
                    0.13159602880477905,
                    0.991198718547821,
                    2.6092944145202637
                ],
                [
                    0.0,
                    0.0,
                    0.0,
                    1.0
                ]
            ]
        },
        {
            "file_path": "images/frame_00149.jpg",
            "pose_matrix_c2w": [
                [
                    0.9182857871055603,
                    0.3841889798641205,
                    -0.09565579891204834,
                    -0.6586995720863342
                ],
                [
                    -0.39588406682014465,
                    0.8941758275032043,
                    -0.20910628139972687,
                    2.602569103240967
                ],
                [
                    0.005196774378418922,
                    0.2298879325389862,
                    0.9732032418251038,
                    2.646831512451172
                ],
                [
                    0.0,
                    0.0,
                    0.0,
                    1.0
                ]
            ]
        },
        {
            "file_path": "images/frame_00148.jpg",
            "pose_matrix_c2w": [
                [
                    0.8773471713066101,
                    0.4597402811050415,
                    -0.13748036324977875,
                    -0.7751733064651489
                ],
                [
                    -0.47957512736320496,
                    0.8302712440490723,
                    -0.284002423286438,
                    2.153477668762207
                ],
                [
                    -0.0164213664829731,
                    0.31510087847709656,
                    0.9489160776138306,
                    2.7907731533050537
                ],
                [
                    0.0,
                    0.0,
                    0.0,
                    1.0
                ]
            ]
        },
        {
            "file_path": "images/frame_00147.jpg",
            "pose_matrix_c2w": [
                [
                    0.8278130292892456,
                    0.5310655236244202,
                    -0.18081770837306976,
                    -0.924397349357605
                ],
                [
                    -0.559283435344696,
                    0.7560074925422668,
                    -0.34008046984672546,
                    1.7230870723724365
                ],
                [
                    -0.04390547424554825,
                    0.3826513886451721,
                    0.9228489995002747,
                    2.7840194702148438
                ],
                [
                    0.0,
                    0.0,
                    0.0,
                    1.0
                ]
            ]
        },
        {
            "file_path": "images/frame_00146.jpg",
            "pose_matrix_c2w": [
                [
                    0.7645520567893982,
                    0.6019952297210693,
                    -0.2303517609834671,
                    -1.251936435699463
                ],
                [
                    -0.6404339671134949,
                    0.6691063642501831,
                    -0.37701594829559326,
                    1.4857795238494873
                ],
                [
                    -0.07283197343349457,
                    0.43577340245246887,
                    0.897104799747467,
                    2.6275322437286377
                ],
                [
                    0.0,
                    0.0,
                    0.0,
                    1.0
                ]
            ]
        },
        {
            "file_path": "images/frame_00145.jpg",
            "pose_matrix_c2w": [
                [
                    0.6985296010971069,
                    0.6569932699203491,
                    -0.28357750177383423,
                    -1.5204287767410278
                ],
                [
                    -0.7091503143310547,
                    0.5825647115707397,
                    -0.39714503288269043,
                    1.4882283210754395
                ],
                [
                    -0.09571938216686249,
                    0.4785166382789612,
                    0.8728457093238831,
                    2.5243947505950928
                ],
                [
                    0.0,
                    0.0,
                    0.0,
                    1.0
                ]
            ]
        },
        {
            "file_path": "images/frame_00144.jpg",
            "pose_matrix_c2w": [
                [
                    0.6181191205978394,
                    0.7063663005828857,
                    -0.3449280858039856,
                    -1.8583704233169556
                ],
                [
                    -0.7769536375999451,
                    0.48229777812957764,
                    -0.4046379625797272,
                    1.4108269214630127
                ],
                [
                    -0.11946459114551544,
                    0.5181075930595398,
                    0.8469313383102417,
                    2.425222396850586
                ],
                [
                    0.0,
                    0.0,
                    0.0,
                    1.0
                ]
            ]
        },
        {
            "file_path": "images/frame_00143.jpg",
            "pose_matrix_c2w": [
                [
                    0.5436943173408508,
                    0.7383103966712952,
                    -0.39911678433418274,
                    -2.2675764560699463
                ],
                [
                    -0.8255995512008667,
                    0.38496336340904236,
                    -0.41253918409347534,
                    1.3217707872390747
                ],
                [
                    -0.15093663334846497,
                    0.5538058876991272,
                    0.8188511729240417,
                    2.2738399505615234
                ],
                [
                    0.0,
                    0.0,
                    0.0,
                    1.0
                ]
            ]
        },
        {
            "file_path": "images/frame_00142.jpg",
            "pose_matrix_c2w": [
                [
                    0.46459951996803284,
                    0.7581530809402466,
                    -0.457549124956131,
                    -2.541867733001709
                ],
                [
                    -0.8670281171798706,
                    0.2844220995903015,
                    -0.4091043174266815,
                    1.3317029476165771
                ],
                [
                    -0.1800266057252884,
                    0.5867776274681091,
                    0.7894824147224426,
                    2.008310317993164
                ],
                [
                    0.0,
                    0.0,
                    0.0,
                    1.0
                ]
            ]
        },
        {
            "file_path": "images/frame_00141.jpg",
            "pose_matrix_c2w": [
                [
                    0.3981093764305115,
                    0.7588874101638794,
                    -0.5153628587722778,
                    -2.9103896617889404
                ],
                [
                    -0.8957312107086182,
                    0.200372114777565,
                    -0.39688369631767273,
                    1.2242311239242554
                ],
                [
                    -0.19792568683624268,
                    0.6196296811103821,
                    0.7595291137695312,
                    1.886376976966858
                ],
                [
                    0.0,
                    0.0,
                    0.0,
                    1.0
                ]
            ]
        },
        {
            "file_path": "images/frame_00140.jpg",
            "pose_matrix_c2w": [
                [
                    0.32898586988449097,
                    0.743373692035675,
                    -0.5823777914047241,
                    -3.3501250743865967
                ],
                [
                    -0.9156820178031921,
                    0.10035450011491776,
                    -0.38917276263237,
                    1.3358135223388672
                ],
                [
                    -0.23085655272006989,
                    0.6613051891326904,
                    0.7137091159820557,
                    1.7077127695083618
                ],
                [
                    0.0,
                    0.0,
