{
    "w": 3840,
    "h": 2160,
    "fl_x": 2171.785912111134,
    "fl_y": 2166.765909152687,
    "cx": 1926.8617414880953,
    "cy": 1083.1898930003001,
    "k1": -0.022534384230989524,
    "k2": 0.0175785371357339,
    "p1": 8.827697557604409e-06,
    "p2": 0.0008430221744331954,
    "camera_model": "OPENCV",
    "frames": [
        {
            "file_path": "images/frame_00001.png",
            "transform_matrix": [
                [
                    0.6728746803430284,
                    -0.40896543444407096,
                    0.6164308055112429,
                    1.9869344039996943
                ],
                [
                    0.40008692867528567,
                    -0.4997166927781169,
                    -0.7682536537251731,
                    -0.122816512644736
                ],
                [
                    0.6222299527155891,
                    0.7635643393905148,
                    -0.17262498531406856,
                    -1.912838445893864
                ],
                [
                    0.0,
                    0.0,
                    0.0,
                    1.0
                ]
            ],
            "colmap_im_id": 1
        },
        {
            "file_path": "images/frame_00002.png",
            "transform_matrix": [
                [
                    0.667381629000952,
                    -0.413706631745232,
                    0.6192322537804787,
                    2.0147260488630887
                ],
                [
                    0.4032669234568963,
                    -0.4982810230143304,
                    -0.7675231661320735,
                    -0.1289743266133654
                ],
                [
                    0.6260811047441425,
                    0.7619467467965249,
                    -0.16570940024194983,
                    -1.8847065228148037
                ],
                [
                    0.0,
                    0.0,
                    0.0,
                    1.0
                ]
            ],
            "colmap_im_id": 2
        },
        {
            "file_path": "images/frame_00003.png",
            "transform_matrix": [
                [
                    0.6549305572182424,
                    -0.4227907738379117,
                    0.6263496841057254,
                    2.054009117195961
                ],
                [
                    0.40887524838913863,
                    -0.49878900055998976,
                    -0.7642189242455899,
                    -0.10962648731178566
                ],
                [
                    0.6355210432995295,
                    0.7566092085600771,
                    -0.15380347540147218,
                    -1.8202315097127202
                ],
                [
                    0.0,
                    0.0,
                    0.0,
                    1.0
                ]
            ],
            "colmap_im_id": 3
        },
        {
            "file_path": "images/frame_00004.png",
            "transform_matrix": [
                [
                    0.6346237389693513,
                    -0.4365633961538651,
                    0.6377029959747433,
                    2.113043827394049
                ],
                [
                    0.4163413536655055,
                    -0.5020495825569131,
                    -0.7580277659046557,
                    -0.032764800398609115
                ],
                [
                    0.6510856987866762,
                    0.74656454362167,
                    -0.13685318791475937,
                    -1.7003045074293777
                ],
                [
                    0.0,
                    0.0,
                    0.0,
                    1.0
                ]
            ],
            "colmap_im_id": 4
        },
        {
            "file_path": "images/frame_00005.png",
            "transform_matrix": [
                [
                    0.6063981843302676,
                    -0.4524436717704624,
                    0.6538929315383487,
                    2.1982215741857556
                ],
                [
                    0.42503457149869367,
                    -0.510570232321465,
                    -0.7474380582350124,
                    0.08046020782972471
                ],
                [
                    0.6720318854577328,
                    0.7311721833754797,
                    -0.11730465969456473,
                    -1.5687879054845395
                ],
                [
                    0.0,
                    0.0,
                    0.0,
                    1.0
                ]
            ],
            "colmap_im_id": 5
        },
        {
            "file_path": "images/frame_00006.png",
            "transform_matrix": [
                [
                    0.5734321514237378,
                    -0.47012894110996534,
                    0.6709354264341432,
                    2.2773591420041623
                ],
                [
                    0.4336512516292549,
                    -0.5206391171699942,
                    -0.7354464641514221,
                    0.18137171713681158
                ],
                [
                    0.6950698955313223,
                    0.7126806356309054,
                    -0.09467920533467235,
                    -1.439183937643037
                ],
                [
                    0.0,
                    0.0,
                    0.0,
                    1.0
                ]
            ],
            "colmap_im_id": 6
        },
        {
            "file_path": "images/frame_00007.png",
            "transform_matrix": [
                [
                    0.5348970601410861,
                    -0.4878177621061295,
                    0.6898688034881644,
                    2.3385128093824785
                ],
                [
                    0.4404621126168414,
                    -0.5357758953819732,
                    -0.7203730403594751,
                    0.3206490075236362
                ],
                [
                    0.7210258403147095,
                    0.6891864921060284,
                    -0.07171970926499038,
                    -1.2831548969589894
                ],
                [
                    0.0,
                    0.0,
                    0.0,
                    1.0
                ]
            ],
            "colmap_im_id": 7
        },
        {
            "file_path": "images/frame_00008.png",
            "transform_matrix": [
                [
                    0.48706254404535015,
                    -0.5040217958868161,
                    0.7132545881093939,
                    2.3918288176115947
                ],
                [
                    0.44960703610161407,
                    -0.5554411170098499,
                    -0.6995274680974098,
                    0.4837238013772287
                ],
                [
                    0.748748015874496,
                    0.6613979095868685,
                    -0.04392281773892508,
                    -1.1169903173871558
                ],
                [
                    0.0,
                    0.0,
                    0.0,
                    1.0
                ]
            ],
            "colmap_im_id": 8
        },
        {
            "file_path": "images/frame_00009.png",
            "transform_matrix": [
                [
                    0.4362065433078895,
                    -0.5171159762940855,
                    0.7364203409988057,
                    2.4304899703211316
                ],
                [
                    0.4563701517995224,
                    -0.5781903674670981,
                    -0.676329936876036,
                    0.6503057762728458
                ],
                [
                    0.7755321631769141,
                    0.6310998067102197,
                    -0.016214124967451136,
                    -0.9241725607342287
                ],
                [
                    0.0,
                    0.0,
                    0.0,
                    1.0
                ]
            ],
            "colmap_im_id": 9
        },
        {
            "file_path": "images/frame_00010.png",
            "transform_matrix": [
                [
                    0.38050564755660465,
                    -0.53213671299081,
                    0.7563372071139068,
                    2.476470561072985
                ],
                [
                    0.4589157197631808,
                    -0.6013972037430706,
                    -0.6540013497572138,
                    0.8224835941053705
                ],
                [
                    0.8028772099965039,
                    0.5959462408786149,
                    0.015370870205602592,
                    -0.6892485949689625
                ],
                [
                    0.0,
                    0.0,
                    0.0,
                    1.0
                ]
            ],
            "colmap_im_id": 10
        },
        {
            "file_path": "images/frame_00011.png",
            "transform_matrix": [
                [
                    0.3230113907365154,
                    -0.5402052303361836,
                    0.7770726803664463,
                    2.5652620987524206
                ],
                [
                    0.4588803639761571,
                    -0.6287118282396006,
                    -0.627813864603776,
                    1.000508406068334
                ],
                [
                    0.8277031188847677,
                    0.5593744239318149,
                    0.04480849070632092,
                    -0.43146907901147985
                ],
                [
                    0.0,
                    0.0,
                    0.0,
                    1.0
                ]
            ],
            "colmap_im_id": 11
        },
        {
            "file_path": "images/frame_00012.png",
            "transform_matrix": [
                [
                    0.26273793890305003,
                    -0.5436645878789378,
                    0.797118304486481,
                    2.6709917207887783
                ],
                [
                    0.45790856712795314,
                    -0.6569221446513457,
                    -0.5989766606617506,
                    1.1660304897630343
                ],
                [
                    0.8492870654918762,
                    0.5223811939121678,
                    0.0763503021283876,
                    -0.1923212134923328
                ],
                [
                    0.0,
                    0.0,
                    0.0,
                    1.0
                ]
            ],
            "colmap_im_id": 12
        },
        {
            "file_path": "images/frame_00013.png",
            "transform_matrix": [
                [
                    0.200205858997772,
                    -0.5526697710869992,
                    0.8089955118229081,
                    2.783475911340715
                ],
                [
                    0.4550938332510047,
                    -0.6787723343966381,
                    -0.5763312597757001,
                    1.2545971220026375
                ],
                [
                    0.8676446374869562,
                    0.48355376348900764,
                    0.11562240637413548,
                    0.014478917708662945
                ],
                [
                    0.0,
                    0.0,
                    0.0,
                    1.0
                ]
            ],
            "colmap_im_id": 13
        },
        {
            "file_path": "images/frame_00014.png",
            "transform_matrix": [
                [
                    0.1310770345937757,
                    -0.5614146699310264,
                    0.8170877427720596,
                    2.871313127101787
                ],
                [
                    0.4473692808272103,
                    -0.7020109225133452,
                    -0.5541131574363737,
                    1.3273087849755487
                ],
                [
                    0.8846917754643411,
                    0.43817146536281837,
                    0.1591421671573983,
                    0.18017955295088198
                ],
                [
                    0.0,
                    0.0,
                    0.0,
                    1.0
                ]
            ],
            "colmap_im_id": 14
        },
        {
            "file_path": "images/frame_00015.png",
            "transform_matrix": [
                [
                    0.06094691736517338,
                    -0.567885285249917,
                    0.8208482052488772,
                    2.9069688458067175
                ],
                [
                    0.4357692337999206,
                    -0.7247252503622811,
                    -0.533740092517659,
                    1.4078863110912603
                ],
                [
                    0.8979925657471294,
                    0.39023020678049714,
                    0.20329716569332132,
                    0.32335583223186176
                ],
                [
                    0.0,
                    0.0,
                    0.0,
                    1.0
                ]
            ],
            "colmap_im_id": 15
        },
        {
            "file_path": "images/frame_00016.png",
            "transform_matrix": [
                [
                    -0.017690637651812415,
                    -0.5723938599973185,
                    0.8197879667187382,
                    2.8894663512243146
                ],
                [
                    0.42581624136732654,
                    -0.746155622261364,
                    -0.5117932355508031,
                    1.4573099663015678
                ],
                [
                    0.9046367060468393,
                    0.34002508202355775,
                    0.25693457079108206,
                    0.4798414776286573
                ],
                [
                    0.0,
                    0.0,
                    0.0,
                    1.0
                ]
            ],
            "colmap_im_id": 16
        },
        {
            "file_path": "images/frame_00017.png",
            "transform_matrix": [
                [
                    -0.09094855299578862,
                    -0.5750380032203574,
                    0.8130557518155298,
                    2.871892522804565
                ],
                [
                    0.41225218977209094,
                    -0.7649380120900233,
                    -0.4948918767648941,
                    1.5011673898928437
                ],
                [
                    0.9065188871369906,
                    0.29017431401160876,
                    0.3066306813608259,
                    0.647947964833547
                ],
                [
                    0.0,
                    0.0,
                    0.0,
                    1.0
                ]
            ],
            "colmap_im_id": 17
        },
        {
            "file_path": "images/frame_00018.png",
            "transform_matrix": [
                [
                    -0.15658690343123177,
                    -0.5773479318302386,
                    0.8013425655018976,
                    2.8214584063016472
                ],
                [
                    0.39777477879626283,
                    -0.7795052290766382,
                    -0.4838872009009553,
                    1.5743982773393854
                ],
                [
                    0.9040219947697076,
                    0.24298346333346066,
                    0.3517147559018172,
                    0.7913905379342087
                ],
                [
                    0.0,
                    0.0,
                    0.0,
                    1.0
                ]
            ],
            "colmap_im_id": 18
        },
        {
            "file_path": "images/frame_00019.png",
            "transform_matrix": [
                [
                    -0.2170492286800811,
                    -0.5762284671738559,
                    0.787940597981758,
                    2.732472479240812
                ],
                [
                    0.3813607736185905,
                    -0.7930905420033069,
                    -0.47494352562165837,
                    1.689991365861041
                ],
                [
                    0.8985842156828774,
                    0.19740351010903873,
                    0.3918906244377615,
                    0.9403720895913237
                ],
                [
                    0.0,
                    0.0,
                    0.0,
                    1.0
                ]
            ],
            "colmap_im_id": 19
        },
        {
            "file_path": "images/frame_00020.png",
            "transform_matrix": [
                [
                    -0.27646912665607765,
                    -0.5715472024545122,
                    0.7725921416714301,
                    2.605295475311833
                ],
                [
                    0.36664437622882967,
                    -0.8058502980047968,
                    -0.4649485977883499,
                    1.798957211099038
                ],
                [
                    0.8883336779531658,
                    0.15472263109190385,
                    0.43234729563419294,
                    1.0609635059128695
                ],
                [
                    0.0,
                    0.0,
                    0.0,
                    1.0
                ]
            ],
            "colmap_im_id": 20
        },
        {
            "file_path": "images/frame_00021.png",
            "transform_matrix": [
                [
                    -0.32851910432659054,
                    -0.5592203563151599,
                    0.7611489940709381,
                    2.532779888950176
                ],
                [
                    0.35478063337473925,
                    -0.819926787865774,
                    -0.44927804834237467,
                    1.8952308674535605
                ],
                [
                    0.8753318800744517,
                    0.1224445001739973,
                    0.467762166172582,
                    1.2190337137485565
                ],
                [
                    0.0,
                    0.0,
                    0.0,
                    1.0
                ]
            ],
            "colmap_im_id": 21
        },
        {
            "file_path": "images/frame_00022.png",
            "transform_matrix": [
                [
                    -0.3746102400031331,
                    -0.5490151417031309,
                    0.7471609881849318,
                    2.5256184431117146
                ],
                [
                    0.3412567495659042,
                    -0.8309149367440841,
                    -0.4394589841740496,
                    1.978558792169952
                ],
                [
                    0.8620968617043603,
                    0.0903478946974658,
                    0.49862436659596526,
                    1.4385267170533944
                ],
                [
                    0.0,
                    0.0,
                    0.0,
                    1.0
                ]
            ],
            "colmap_im_id": 22
        },
        {
            "file_path": "images/frame_00023.png",
            "transform_matrix": [
                [
                    -0.4105805754060709,
                    -0.5439614004874274,
                    0.7317988698262489,
                    2.571092883034439
                ],
                [
                    0.3296025826680041,
                    -0.8368363226843463,
                    -0.43711223562687174,
                    2.0792826618793963
                ],
                [
                    0.8501680590317421,
                    0.06173300426754369,
                    0.5228798213608005,
                    1.6469337784796951
                ],
                [
                    0.0,
                    0.0,
                    0.0,
                    1.0
                ]
            ],
            "colmap_im_id": 23
        },
        {
            "file_path": "images/frame_00024.png",
            "transform_matrix": [
                [
                    -0.4485324459876665,
                    -0.5386748887781393,
                    0.7131956317141727,
                    2.6220499629217637
                ],
                [
                    0.3120971975323714,
                    -0.8421328555653264,
                    -0.43978130118256303,
                    2.134332926947079
                ],
                [
                    0.8375046174133958,
                    0.025330175231269795,
                    0.5458428327220145,
                    1.8792147013407967
                ],
                [
                    0.0,
                    0.0,
                    0.0,
                    1.0
                ]
            ],
            "colmap_im_id": 24
        },
        {
            "file_path": "images/frame_00025.png",
            "transform_matrix": [
                [
                    -0.47092710271577837,
                    -0.5339337486600322,
                    0.702240995648622,
                    2.6302481568843117
                ],
                [
                    0.3041844999511669,
                    -0.845497867685085,
                    -0.4388680276910507,
                    2.1202960476934134
                ],
                [
                    0.8280697156140784,
                    0.006935977351451237,
                    0.5605822315245098,
                    2.0000226117419273
                ],
                [
                    0.0,
                    0.0,
                    0.0,
                    1.0
                ]
            ],
            "colmap_im_id": 25
        },
        {
            "file_path": "images/frame_00026.png",
            "transform_matrix": [
                [
                    -0.5065488095744893,
                    -0.5218691318762267,
                    0.6863387740128214,
                    2.6031316737979395
                ],
                [
                    0.28865794576271636,
                    -0.8527312263416382,
                    -0.43534589233152887,
                    2.071044040259958
                ],
                [
                    0.8124560873467058,
                    -0.022406802909837983,
                    0.5825916591547142,
                    2.1997118297741824
                ],
                [
                    0.0,
                    0.0,
                    0.0,
                    1.0
                ]
            ],
            "colmap_im_id": 26
        },
        {
            "file_path": "images/frame_00027.png",
            "transform_matrix": [
                [
                    -0.5439709950975596,
                    -0.507047468006043,
                    0.6685794056663941,
                    2.5104354883094415
                ],
                [
                    0.2700355831639747,
                    -0.8601739135251121,
                    -0.4326449148160465,
                    2.0300231180609583
                ],
                [
                    0.7944660724775225,
                    -0.054806055135834586,
                    0.6048305184120474,
                    2.388236329314486
                ],
                [
                    0.0,
                    0.0,
                    0.0,
                    1.0
                ]
            ],
            "colmap_im_id": 27
        },
        {
            "file_path": "images/frame_00028.png",
            "transform_matrix": [
                [
                    -0.5854372113043887,
                    -0.4870701293216008,
                    0.6480940986791794,
                    2.3621630387392027
                ],
                [
                    0.25122012523898135,
                    -0.8690491912521652,
                    -0.42619473466816493,
                    1.9946906062428151
                ],
                [
                    0.7708123768434506,
                    -0.08669597629991573,
                    0.631135553901342,
                    2.574054376854625
                ],
                [
                    0.0,
                    0.0,
                    0.0,
                    1.0
                ]
            ],
            "colmap_im_id": 28
        },
        {
            "file_path": "images/frame_00029.png",
            "transform_matrix": [
                [
                    -0.626679481572287,
                    -0.4641947534407908,
                    0.6259361455087367,
                    2.182290885517413
                ],
                [
                    0.23010597531564694,
                    -0.8776385000725417,
                    -0.42047818411239196,
                    1.9573998321258828
                ],
                [
                    0.744529426886759,
                    -0.11947340318440652,
                    0.6568120267102389,
                    2.7109543152401794
                ],
                [
                    0.0,
                    0.0,
                    0.0,
                    1.0
                ]
            ],
            "colmap_im_id": 29
        },
        {
            "file_path": "images/frame_00030.png",
            "transform_matrix": [
                [
                    -0.6679885185608896,
                    -0.4391440346769622,
                    0.6007860316938693,
                    2.005663576436447
                ],
                [
                    0.21100843240965514,
                    -0.8859589612494503,
                    -0.4129796126127957,
                    1.9535586896815476
                ],
                [
                    0.7136293018947919,
                    -0.14909472086373066,
                    0.6844735083900021,
                    2.8564298549058686
                ],
                [
                    0.0,
                    0.0,
                    0.0,
                    1.0
                ]
            ],
            "colmap_im_id": 30
        },
        {
            "file_path": "images/frame_00031.png",
            "transform_matrix": [
                [
                    -0.7080101400994172,
                    -0.4111537091524936,
                    0.5741726821841595,
                    1.8450295161662453
                ],
                [
                    0.19195914881236772,
                    -0.8944759334155699,
                    -0.40381244375028463,
                    1.9617783234667516
                ],
                [
                    0.6796126298882594,
                    -0.17568560553014198,
                    0.7122227469730744,
                    2.9912899637527413
                ],
                [
                    0.0,
                    0.0,
                    0.0,
                    1.0
                ]
            ],
            "colmap_im_id": 31
        },
        {
            "file_path": "images/frame_00032.png",
            "transform_matrix": [
                [
                    -0.7427860812563197,
                    -0.38689787760955135,
                    0.546423709032748,
                    1.6990949673430302
                ],
                [
                    0.17739192430500125,
                    -0.9006897025158007,
                    -0.39659824126358323,
                    1.9761541765596087
                ],
                [
                    0.6456012257448474,
                    -0.19765650023013034,
                    0.7376523335783111,
                    3.0728835477814758
                ],
                [
                    0.0,
                    0.0,
                    0.0,
                    1.0
                ]
            ],
            "colmap_im_id": 32
        },
        {
            "file_path": "images/frame_00033.png",
            "transform_matrix": [
                [
                    -0.7702448001593893,
                    -0.36291520022349966,
                    0.5244192075755403,
                    1.5561783748121056
                ],
                [
                    0.16302581039366795,
                    -0.9070223194425789,
                    -0.3882436054573104,
                    1.98126374323818
                ],
                [
                    0.6165594318254392,
                    -0.21354875199761864,
                    0.7577937697997721,
                    3.0854356649495904
                ],
                [
                    0.0,
                    0.0,
                    0.0,
                    1.0
                ]
            ],
            "colmap_im_id": 33
        },
        {
            "file_path": "images/frame_00034.png",
            "transform_matrix": [
                [
                    -0.7946365850201097,
                    -0.3423495289431059,
                    0.501347681534491,
                    1.4063867520900215
                ],
                [
                    0.15711819062410276,
                    -0.9136656653639367,
                    -0.3748718795936585,
                    2.041194185365069
                ],
                [
                    0.5864013744207835,
                    -0.21911606962408556,
                    0.7798215027234804,
                    3.124423331348664
                ],
                [
                    0.0,
                    0.0,
                    0.0,
                    1.0
                ]
            ],
            "colmap_im_id": 34
        },
        {
            "file_path": "images/frame_00035.png",
            "transform_matrix": [
                [
                    -0.8087234374705059,
                    -0.3308516659868246,
                    0.48631633408680774,
                    1.264190242844481
                ],
                [
                    0.1555565300596252,
                    -0.9176703224539027,
                    -0.36562733109432555,
                    2.1149033215906314
                ],
                [
                    0.5672464787389147,
                    -0.22004171059390856,
                    0.7936076347649441,
                    3.162408421851648
                ],
                [
                    0.0,
                    0.0,
                    0.0,
                    1.0
                ]
            ],
            "colmap_im_id": 35
        },
        {
            "file_path": "images/frame_00036.png",
            "transform_matrix": [
                [
                    -0.8135248362878237,
                    -0.33141989892717033,
                    0.47784745613843693,
                    1.1385938463578091
                ],
                [
                    0.1606133924660906,
                    -0.9177970298955089,
                    -0.3631142383266131,
                    2.2202699959841343
                ],
                [
                    0.5589102601522045,
                    -0.21865375027675046,
                    0.7998811527886556,
                    3.2310198855564436
                ],
                [
                    0.0,
                    0.0,
                    0.0,
                    1.0
                ]
            ],
            "colmap_im_id": 36
        },
        {
            "file_path": "images/frame_00037.png",
            "transform_matrix": [
                [
                    -0.8102400219230192,
                    -0.3408707036640358,
                    0.4767790581157754,
                    1.1375115196409595
                ],
                [
                    0.1728569772459945,
                    -0.9162748190794785,
                    -0.3613321482213352,
                    2.2390006483487666
                ],
                [
                    0.5600281888365608,
                    -0.21035118089625954,
                    0.8013244089655498,
                    3.308224239055529
                ],
                [
                    0.0,
                    0.0,
                    0.0,
                    1.0
                ]
            ],
            "colmap_im_id": 37
        },
        {
            "file_path": "images/frame_00038.png",
            "transform_matrix": [
                [
                    -0.7967069078555686,
                    -0.35719927678483293,
                    0.48751079951074905,
                    1.2670499226778318
                ],
                [
                    0.18958619385339798,
                    -0.9136441485261841,
                    -0.3595990057884554,
                    2.217487740648623
                ],
                [
                    0.5738598941164987,
                    -0.1940696950279868,
                    0.7956266557854536,
                    3.3407114826581914
                ],
                [
                    0.0,
                    0.0,
                    0.0,
                    1.0
                ]
            ],
            "colmap_im_id": 38
        },
        {
            "file_path": "images/frame_00039.png",
            "transform_matrix": [
                [
                    -0.7729024362904169,
                    -0.3770213566147031,
                    0.5103692003175206,
                    1.4435783951858348
                ],
                [
                    0.2107190348521662,
                    -0.9111948208524899,
                    -0.354007749636318,
                    2.2122545928849386
                ],
                [
                    0.5985142540719546,
                    -0.16606894685041776,
                    0.7837102733566046,
                    3.3480222962834842
                ],
                [
                    0.0,
                    0.0,
                    0.0,
                    1.0
                ]
            ],
            "colmap_im_id": 39
        },
        {
            "file_path": "images/frame_00040.png",
            "transform_matrix": [
                [
                    -0.739505676304959,
                    -0.4051646504416215,
                    0.5375620529252997,
                    1.6171729180480348
                ],
                [
                    0.2396649719943078,
                    -0.9047203107416976,
                    -0.3521957701767773,
                    2.2571061376037824
                ],
                [
                    0.6290405836762138,
                    -0.13161597685677856,
                    0.7661495798630472,
                    3.272258014898304
                ],
                [
                    0.0,
                    0.0,
                    0.0,
                    1.0
                ]
            ],
            "colmap_im_id": 40
        },
        {
            "file_path": "images/frame_00041.png",
            "transform_matrix": [
                [
                    -0.6942466689375586,
                    -0.43736310648514576,
                    0.5716074490021682,
                    1.8234116649485828
                ],
                [
                    0.2727270755000964,
                    -0.8948228351585833,
                    -0.35342896877296187,
                    2.271625928032827
                ],
                [
                    0.6660641898182696,
                    -0.0894740563762332,
                    0.7405085335614399,
                    3.188187067384868
                ],
                [
                    0.0,
                    0.0,
                    0.0,
                    1.0
                ]
            ],
            "colmap_im_id": 41
        },
        {
            "file_path": "images/frame_00042.png",
            "transform_matrix": [
                [
                    -0.6369311149895407,
                    -0.46906472405912325,
                    0.6117982015350476,
                    2.042752016742673
                ],
                [
                    0.30984726687870373,
                    -0.8824338404164286,
                    -0.3539847291843398,
                    2.2518162289524777
                ],
                [
                    0.705913185856432,
                    -0.0358998876217111,
                    0.707387992619871,
                    3.0603839666043577
                ],
                [
                    0.0,
                    0.0,
                    0.0,
                    1.0
                ]
            ],
            "colmap_im_id": 42
        },
        {
            "file_path": "images/frame_00043.png",
            "transform_matrix": [
                [
                    -0.565657154189148,
                    -0.4994972628411317,
                    0.6561512541547507,
                    2.2535973816202044
                ],
                [
                    0.35025779245893207,
                    -0.8658701930147332,
                    -0.35719502749957815,
                    2.224079213439984
                ],
                [
                    0.7465597516183352,
                    0.027772167053476786,
                    0.6647384778999359,
                    2.8425022003953
                ],
                [
                    0.0,
                    0.0,
                    0.0,
                    1.0
                ]
            ],
            "colmap_im_id": 43
        },
        {
            "file_path": "images/frame_00044.png",
            "transform_matrix": [
                [
                    -0.5087360998676482,
                    -0.5227266713526549,
                    0.6840646224941235,
                    2.368909308977392
                ],
                [
                    0.38004209768244984,
                    -0.8493183242718454,
                    -0.36636919636507026,
                    2.2087205856138574
                ],
                [
                    0.7724995693724219,
                    0.07358811801260948,
                    0.6307370325316131,
                    2.6563797000479115
                ],
                [
                    0.0,
                    0.0,
                    0.0,
                    1.0
                ]
            ],
            "colmap_im_id": 44
        },
        {
            "file_path": "images/frame_00045.png",
            "transform_matrix": [
                [
                    -0.3879261722590169,
                    -0.5537229159056902,
                    0.7368203426055556,
                    2.584230431870292
                ],
                [
                    0.4299478629609812,
                    -0.8158303107819008,
                    -0.386737299914028,
                    2.1055208743577243
                ],
                [
                    0.815265674496206,
                    0.16676881126400014,
                    0.5545539140406811,
                    2.259667067072512
                ],
                [
                    0.0,
                    0.0,
                    0.0,
                    1.0
                ]
            ],
            "colmap_im_id": 45
        },
        {
